ID,candidate_A_preferences,candidate_B_preferences,candidate_C_preferences,candidate_D_preferences
0xbb8743ea733155fe5e81ed285aea72cc19b2ca87,0.2589937247119508,0.2698558749046097,0.2603269226198745,0.2108234777635647
0x049debbad61a20e21e872b06ef4f25be1253c802,0.280989567510702,0.2530709004991789,0.2531938081731597,0.2127457238169592
0xa481db1ac55683dfb2847c02e417b7e411bcbbea,0.2974588934832342,0.1538350547609023,0.5390140393561101,0.0096920123997532
0x024bd3d1c3b6ba2277a744d7a99fbade9404a370,0.283032135351577,0.0409516337158089,0.3447329545882708,0.3312832763443433
0xa0b026b4b9e19ff2cbf5afbd9a679d93dedc2242,0.2687688298133541,0.1458164407751736,0.2787220000398894,0.3066927293715827
0xfb2069bf55eb844694d8028df74dafe550821ffc,0.2752050067962721,0.1908996581493302,0.0717767064693627,0.4621186285850349
0x222cf246a3d56d61030ca49f5e6ffd6c20c3dc4f,0.2653199406405402,0.3427101664571992,0.031570659044511,0.3603992338577494
0x5658f4b362e95c0bc32d5ce0051457882db92ee5,0.2931753130549916,0.1883560092065799,0.1669276893214252,0.3515409884170031
0x6697aeedc3eadbcfb25962c2045aedf438b4c1f2,0.2701099361406209,0.1765442708345631,0.2503072593978133,0.3030385336270026
0x6a7becf86b56fb68c948cb0a9fe9961370079190,0.2821528706268194,0.2967568695574624,0.0051925684323293,0.4158976913833886
0xc8eba9130f40a0ea9be530407e5b4f7199118864,0.2780071413511647,0.1880026526266291,0.3210079312096799,0.2129822748125262
0x6e3556f2c8f29559ed67642a1813b177f1871613,0.2696580717527637,0.2681749843446476,0.1142152161461387,0.3479517277564499
0x278a4bd5a8d09bcf11b1052ec3129a7efa75d213,0.2778605535914318,0.2732701426429821,0.1278959465366581,0.3209733572289279
0x28ddb1f987f1d433eb82eef644b006741977f456,0.2821768956937391,0.2528524246173713,0.3342577591268675,0.1307129205620218
0xfcbc07905fee2d64025461b8ddb27f77f256827f,0.2561650964679171,0.2913637718766302,0.3107498115116771,0.1417213201437755
0xa587b5aa3ddf49559cde74140456bf65d716f30a,0.2755428350123419,0.2029897759744578,0.2688774006578498,0.2525899883553504
0x6120faa647cd26cd6b2c1df880eff537065c6815,0.267756349140129,0.3355792256353579,0.1168704625214495,0.2797939627030636
0x6d465d2081b799770d0ce7e755d8db1665903ffb,0.2763407962475538,0.133840304061746,0.2669535913412517,0.3228653083494485
0x3b067af83f540cb827825a6ee5480441a4237e77,0.2950195328710864,0.0225008221741091,0.2439658525374577,0.4385137924173468
0x6a5cce4ac8b280ba789eb2e2bd3895b46133e5d4,0.2500731596738881,0.1961751931692512,0.2691055766481298,0.2846460705087308
0x58e39293ec6ce3f4d49c9a44bb76bd3e9b300130,0.2546679223176595,0.1259222032563669,0.3642234437222991,0.2551864307036744
0xc12abc0ce980c0949ec132e01dfa21eeab76b57b,0.2827568840337783,0.3624155332666859,0.0185256679612775,0.3363019147382582
0xcf653e70110315ddb9a11ae4fc36c6716e367a14,0.2622091187343104,0.2864413234845939,0.0841837255482175,0.3671658322328779
0x0eafb78d216a4d9ae725d3ef087143808695445c,0.2587763136150569,0.2227609399302896,0.102621769395908,0.4158409770587452
0x79219e0514a0ed8b495c1bba0180cd12cde40242,0.2522070169350519,0.1688756614750666,0.2418264934058624,0.3370908281840191
0x6897abe0fd62b589260784b21f4ca3f78a0d8017,0.2801396802982346,0.1539967678287074,0.2577222923517988,0.3081412595212592
0x26cee1c87b7910c42ac83a3b617c2932f13b9044,0.260075895494421,0.2483405057526252,0.1746182541432814,0.3169653446096722
0xee8bcf545bf80682b78d99f65742d34166cb0405,0.2720376710823279,0.2758194472587457,0.4479755903019963,0.0041672913569299
0x071903cc9a767a845fcd3ab7373e4d5328522481,0.2655049082870096,0.2731560329683613,0.2034022467105291,0.2579368120341
0x9b9c0732cfecbd446eec92ba53dec31f2c9d88b1,0.2573311576695597,0.0909044768696648,0.6516224386261361,0.0001419268346394
0x4b8aa2db33df252cb0087de8d170d652e92eba02,0.2732057071451482,0.2006954557817127,0.2729579219695267,0.2531409151036123
0x1309df760d05a7e9ba396d9a6f8dd4305c4d25bf,0.2972646555061266,0.0366787152752798,0.6261152722781604,0.039941356940433
0x1c651c3fedbf95307fb7a3a2fc07bc1e0753e5a9,0.253465242873863,0.1131437445368517,0.1791587480215664,0.4542322645677187
0x033e64537940e0602e8f27f571d93904c0009486,0.2809372682268491,0.3365685115561049,0.2742447878617855,0.1082494323552604
0x0e272eceadbf50541f0a5c740082f177baf214d4,0.2758841641258109,0.1635390413875344,0.3517027241197271,0.2088740703669275
0x74fb4ba94a01b31424b5e1ab0d3ceff0ce6e6530,0.2679112989480905,0.2227188022269021,0.1685410620448405,0.3408288367801668
0x1210ba92eb82cc256213c78f0ef9d5212c7034a9,0.2612702985937111,0.0563582069277427,0.5035785416218207,0.1787929528567252
0x06b3b315cbf8b6f639508911976e2a58f1729e3b,0.2834777907233005,0.3202286606248423,0.0228993030845944,0.3733942455672627
0x4bce1d711ea4e033ad5e7d48d2f63fb24fe4b5e3,0.2754047419158992,0.2648099904025935,0.2801978680187847,0.1795873996627225
0x8242269882cd61de8ac878ac47d2a7432fc7bdee,0.268801504449963,0.321801261490286,0.1102725184663205,0.2991247155934305
0x7ee9033aad1d11a80f1c1e8d769feacbc97416db,0.2512713484033939,0.1983858306667641,0.2381194610624622,0.3122233598673797
0x2408a5b5a0c0e47cbe8f3b8c92b4361958b371e4,0.2514290831175242,0.1322387117261856,0.5079136316511785,0.1084185735051115
0x6292b5752db4aeb894428296accd3b707fd63b37,0.2814652762138165,0.2772576072785719,0.2980323523054408,0.1432447642021705
0xd0ceca3064bd0f33483885f60ef40a71c125c638,0.2739700298798607,0.3090733455363449,0.2138231849451072,0.2031334396386871
0x1e5e0982e0b81f041f4b2668e8e1f300682b6ffa,0.2580688230838293,0.3967335796353777,0.1231379671568535,0.2220596301239393
0x88bde89f94b5e5dd1ef3c054a39961bcbb33bc44,0.2984772465579948,0.0060576572847851,0.6526432545535865,0.0428218416036335
0xe21a9bc92838fedb1f1b7a601f526816f28871c2,0.2688695696933469,0.2324959958788833,0.2790702747189502,0.2195641597088194
0x148d424f74c323d3950a8562760aa76e4c58615b,0.2700935065653355,0.2500677881276359,0.352294557111461,0.1275441481955674
0x7003849fc9f3c70b5e90619f01522be94a38816f,0.2597416974335854,0.263954388620325,0.2530229840907659,0.2232809298553237
0x27cdf5ca6cd49abd44fa030decf743b730310443,0.2756695152520635,0.2116129553851429,0.1555811442720404,0.3571363850907531
0xf9278a270d2100ea5e76e8d85ac712b2cb7ec685,0.29758208398694,0.1930520935772382,0.2083055731530553,0.3010602492827663
0x9f771f779b88178de06291a2caa8e4bdc56dc184,0.2839676257466847,0.2077345260125353,0.2616816378779922,0.2466162103627877
0xdecc4ac78838d0178a418349b8ce6205f3c1905e,0.2628434628136683,0.012905070250869,0.3711720610897385,0.3530794058457241
0x7137931f8e93928e835ec0946a8b78a8a8887900,0.2938853698261852,0.1389386001931833,0.3601019718077103,0.2070740581729211
0xfeee0f97af25b988e10417b3988e7720772e584a,0.2937420785641857,0.1410441201922178,0.3582197288010619,0.2069940724425345
0x8a79889c80e0e0ae07151acdc4537ffbace553f1,0.2949355535997499,0.3675418221530631,0.291115516965608,0.0464071072815789
0x0db3c73e0fd8a19f086cfd303fda498f1b0221e3,0.2538959331918149,0.5492421823528278,0.0212237470162076,0.1756381374391496
0x912a7f5845f3fa8de3cb55772a3ba9c40d8e3aaa,0.2695006836695946,0.021448505895873,0.3820227408204161,0.3270280696141163
0xe3a17b05f01c1b28585ba2341ede238641cf32e7,0.2773553941624732,0.0328187904605433,0.2669520855304133,0.4228737298465702
0x358d930d71fa424ba4fee2a48a2e87fda55993e1,0.2886435999909592,0.0895529449965736,0.289905166354876,0.3318982886575911
0x3e0cf03f718520f30300266dcf4db50ba12d3331,0.2624299160816856,0.1364449110401611,0.2805747202721432,0.32055045260601
0xb9c62c6b68fa76bb5dad4279074ebdb6d72e3fec,0.2590009190242311,0.1863477698021094,0.4433814591371964,0.111269852036463
0x85524e962b11cb82ea7baf3a00ceff92c6368db2,0.2965413396341078,0.0805456730464302,0.3014621564915916,0.3214508308278703
0x0b04f285b418ac07f12b7f60064d91d88f52c681,0.2875530703172544,0.4398673597915822,0.0177795510933279,0.2548000187978354
0x58ba947570d2f9b79882c444170a30827000b33a,0.260531758906562,0.080898448212037,0.1080861062099623,0.5504836866714385
0x18e2728b00678f886150caac59ce468b7f7a7af9,0.2982364486239031,0.2055575213153411,0.2957316683949863,0.2004743616657694
0xc68844831cd4af961eafb5bdffefa4fe698b70a2,0.259734817340585,0.2017150454018021,0.1564367761761266,0.3821133610814861
0x8b9c66ff418aaddae7974ea006859e8ba8374aa3,0.2526122048424184,0.2046118408110995,0.4271047531649331,0.1156712011815489
0x3e31155a1c17c9f85e74828447aec412090a4622,0.2613582205729488,0.1764754536767221,0.1671311972175346,0.3950351285327944
0x01d517d706494ee4b01cbc8c699b529cd150edea,0.2858014710136589,0.1138030454168582,0.0141718182519622,0.5862236653175206
0xb6b774dcbd3091fd2a0423a201791d07700c25ef,0.2719501307375823,0.2043064120252419,0.3143608017761467,0.2093826554610291
0x560fbf887a1c98ae68ce71f018772d771d067781,0.2975529004106808,0.0187316450106272,0.4522808843271976,0.2314345702514944
0xa770a33cbf2e97a0eaed41afabddb997661cc24a,0.2661141281928951,0.1470271131636107,0.0800081749836099,0.5068505836598842
0x09e083c5653172131e1eef9a92e1eef64d86b154,0.2586282937793153,0.3088122925428314,0.3267051658935648,0.1058542477842883
0x336f3ca6cad963a70b8b64fade48c39a8de03b44,0.2789875406487219,0.2182621852366367,0.1886681752464832,0.3140820988681582
0xd26cf287da6ae872dd14a0151e2ee30a465990e8,0.2656832765620603,0.4284044860753632,0.0702164168444867,0.2356958205180896
0x35b2a533f02234342d9352fb9fbc1ee0c1703198,0.2787741809832224,0.3218356852837691,0.1568215072444537,0.2425686264885547
0xbbc9368898422cc9ffabef8ea66210d3d011512f,0.2807766912075439,0.0979849223606786,0.4228772218427476,0.1983611645890297
0x78390edbd4d560bcb3531d885058012041de24cb,0.2890630530791944,0.0151846259051026,0.2598492565560442,0.4359030644596588
0xba0e393d0d47ae81a22f27d68bac043bb64ddb31,0.276361710784991,0.0524267850226723,0.2630950266533909,0.4081164775389459
0x72f2c4dd290d1c08d5763c812028655cbde3fb53,0.2586550601601331,0.2941497191930585,0.3799803301583241,0.0672148904884841
0xb13a55d8512aec4bf7b15067d733c4c3c68f2439,0.2870101717286369,0.1638100016782294,0.2711564960342376,0.2780233305588961
0xb78d439ba83baced629310207a215900e02d84a4,0.2708552974378267,0.2062351916444003,0.3484721449742277,0.1744373659435452
0xeaa24cde31a65ac72dff0ea673735d70625cf78a,0.2728164325114617,0.1001530756379187,0.1096801596569592,0.5173503321936604
0xfc0bbfe1e6391ad733b0016d41e50cfa2725717e,0.2984091529838021,0.207086748329325,0.0922162446890664,0.4022878539978063
0xd3dbe133af71345a9a69894db354161ea7f441e9,0.2607895214703287,0.1599393430078104,0.2477556766777926,0.3315154588440682
0x4f766bfd800e0ff3260635fdd5fe8cfb666828d1,0.2682839161549825,0.4174547877439678,0.2814198156619271,0.0328414804391224
0xc9d94be541ef24cd2e402dd5f6d15676d08474f7,0.2559713576491656,0.4040853659707648,0.0702944626375633,0.2696488137425062
0xe64063c7688db1ac863d0daa3dbca41ab4e6b465,0.2583586409009659,0.2502942569081731,0.2635849323471085,0.2277621698437524
0x4ff9371b4db3f0771e34f6cf4bd33312bc993e0a,0.2902080288577632,0.3429094240025018,0.0937914668058997,0.2730910803338351
0xb41ce218c36c7d95059bb21f82a6a720546cef29,0.2515312816281831,0.4509008932687313,0.2387505196516676,0.0588173054514178
0x51bef0ecac2dbbbbeff5c39d02e4ac49995185f1,0.2516958851625512,0.1861159925395555,0.4984239050594203,0.0637642172384728
0x0230b092ff54c1c7f17da5daa598117abe3e5715,0.298450251961191,0.007003221771858,0.4193116580355505,0.2752348682314003
0x0ce681173619e2599713ccc1c18779d6109671f1,0.2597857475955461,0.3889372097342632,0.01648646061985,0.3347905820503406
0x18c5a9d555d197c9c42e63ca646716efdc20c676,0.2585885334710378,0.1757642408374454,0.3508520795255403,0.2147951461659764
0x0e950e75b652878e6a3d3ecb6e5797452a918a05,0.2883724741449005,0.2946919225912975,0.2862863414734579,0.130649261790344
0xd6c197afb2d3f0c2549bb542b49ed089faca780f,0.2775087843378374,0.034169396485326,0.4325131541647549,0.2558086650120816
0xcd8e1e3a577049f4e138db9f46a46a7e7bf3535d,0.2557825782317593,0.4855336775368901,0.2077317792828706,0.0509519649484799
0x325173bc8c0f68ea1384de0377786ea3284cf2fb,0.257580717834819,0.5406346502915954,0.1611721679522974,0.0406124639212881
0xe9cc651f1cfaf869b88e8ba945c15e1d9c609ab5,0.2730286301485514,0.2039141303097718,0.3637283377879694,0.1593289017537072
0x82f9be60fc43ce39bbe40df22039380935ff58c8,0.2573390217038894,0.1999180733746987,0.2450478138744382,0.2976950910469735
0x47f793e8af738f4b61d7e2d207c6d29c713d1a84,0.2958214045516447,0.2157692395752722,0.1560365322719335,0.3323728236011495
0x4a16fc2d0826b50bbba9f4a1729f2e56cfca509d,0.299059784498321,0.3236661899156131,0.3215881030074592,0.0556859225786066
0x0b96b6344b2a8d00b610992d0e6afb90c24bcfa3,0.2907302406931318,0.122469132833801,0.3438379801260809,0.2429626463469861
0x91ab8278d8e018b79657c9c0d9abc876be4f9787,0.2642441751742874,0.2110115281071452,0.1756172823863501,0.3491270143322171
0x3e13da66f07b4b51f6496d4c6a7eeda50416692a,0.2793573963217353,0.3201810471309008,0.2077721495049251,0.1926894070424387
0x4fbfadf58cf32e7c616ed09d74318fe30c7071d4,0.2937134202376251,0.1824699789902414,0.3107882737907976,0.2130283269813358
0x6100c2ec0b1a0800dd246a7c6a922c21252be392,0.2854095154962018,0.1918070959382381,0.1832687809022833,0.3395146076632767
0xb2523a5a54813ff3acfef0b00f442a4ebba06ace,0.2642503148386002,0.2148144337901975,0.2459763021596125,0.2749589492115896
0x4c5b9006ac613ed4805f38b460c85484231f5ee4,0.2739949974727144,0.3516090076949064,0.1109834300406334,0.2634125647917459
0x7cdacc2e58c4daf29ab871958a714ef7398fa368,0.2806447852173586,0.1958868367085219,0.392483481300271,0.1309848967738484
0x9ccebdb9c9871b0b8c18fe43f90760c83060bfba,0.2543207129811057,0.1124875292946468,0.5176347400700805,0.1155570176541669
0x0e5c4c325ba0cf3ebc82f0b15c318d6620e896a7,0.2632590706219519,0.1040881036593526,0.3730342021583919,0.2596186235603035
0xfe161714d95ff338482b0200c2857cfa5e77a789,0.2944696617485629,0.4996571701119864,0.1589374485149455,0.046935719624505
0x0cb0f554a2e8a5b7b5634f37840b037214925815,0.2753033169725059,0.0340119927387928,0.5183992060173009,0.1722854842714004
0x45a337477fe38793d90db641eecf8c5c624f062a,0.2520503000201467,0.5034033622075886,0.1642888744591215,0.080257463313143
0x11b064a8ac721ee4a706c07128433548b8d2151b,0.2741033455087298,0.4628432157750316,0.0783579413260665,0.184695497390172
0x8498ff79c6bb9e32ce2fd07b542a84173946e50c,0.2776533115992367,0.3671090992588822,0.1385639837331626,0.2166736054087184
0x955cf0ccbcedcfc85fa0796cc776354b46a10fbb,0.2972344757141619,0.3071487497683691,0.0593142350388513,0.3363025394786176
0xcf2b46eec11927951aba257ed877786924fa28e6,0.2657270319757759,0.331871352865949,0.2321995749668822,0.1702020401913928
0x1f2b12286864d5439500400b3609c659fb3c665a,0.2690574791706214,0.1204297186076055,0.1808110821260372,0.4297017200957357
0x7d1f3ed0d2e42809779255846cf0a1b1eb8a21d2,0.2627117349351315,0.5045512528790879,0.0416316642651881,0.1911053479205924
0xef8347476de8dca8639af6f065e96361cd656a3c,0.2565271256506278,0.1297045762055986,0.295807831436806,0.3179604667069673
0xb2d60143097b4f992bfbe955a22dbb2acd9a8eab,0.2522219436800352,0.069164684794574,0.2491118151068852,0.4295015564185054
0x1a95a5815fb8d1e581811725e45fd70ff02839bc,0.2541173217753261,0.4554602975088693,0.1612026192528626,0.1292197614629419
0xd1a317989c846e42f64128daebd975f857068a8c,0.2684919212561341,0.1387246396455099,0.3264457436125342,0.2663376954858218
0x579955b31fbdbff16a9760d5f5e869ba36431e2d,0.2780268928188426,0.0313548759830062,0.5240645519264531,0.1665536792716979
0xc710f3da5ea5ae7b060166942185458c60c0434f,0.2514448750700587,0.3273222142734761,0.0597861485401226,0.3614467621163426
0x826ab98b58cf43c30644fae1221dd641ec04811b,0.2961706598956967,0.2824671099296331,0.2751110143862924,0.1462512157883776
0x0a412418c71c80a882ca276acdd85e8be791857d,0.2873978585815981,0.2520142800114278,0.2933057617287649,0.1672820996782091
0xc210c735b22ba9ca5254ce0f028a01e335e86e33,0.2568342609756484,0.1393077199628602,0.2025027002622574,0.4013553187992339
0x7e1f8358943580724290277167b86ab4734752fe,0.2846584061752749,0.0779765235041682,0.1955911788890695,0.4417738914314873
0x0a23aaa56d700701b69580f574d35850a4127bd9,0.258476151513012,0.4406621956057114,0.1981959495417973,0.1026657033394791
0x75b41d90281f8dcc624067763d7281e3086acae9,0.2698284828327419,0.0883846045417044,0.4491318319323742,0.1926550806931794
0xbda4446d94d907fee2f6b7846a0320045a2e9949,0.2854750970457956,0.0103949335891873,0.4300895108623815,0.2740404585026354
0x1f7972a40f8129a311e6c6a089f87347adc0e244,0.2932408682318426,0.4780156209965591,0.1957999475377597,0.0329435632338383
0xc02b76a3724eb40742e195b9d0852d7068d806ba,0.2616360857917438,0.0999120233699909,0.1152023978597453,0.5232494929785199
0xa39b12ccbd66c3b4624d7eda1ac0a3a8ae830bc0,0.2732032817081912,0.3451748765926405,0.2828459547291516,0.0987758869700164
0xb617f96eca626ff094169ac160452c082af23284,0.2755708839732432,0.3184093243743085,0.1688800741306175,0.2371397175218307
0x0afbea5597875c33047ab0004575f636e652c49e,0.2720139306819586,0.1177986740370613,0.3547831831708244,0.2554042121101555
0x88244475fbda5a3dc68e505689f5d2caeed1fc91,0.2850793967681188,0.2054338976282606,0.2342260774549034,0.2752606281487171
0xb2de5bfbfa82101c05be100b35b144b2957936e3,0.2541336591411242,0.2644214072226001,0.1906277029656916,0.290817230670584
0xfe30968b465f7218a633815188170b01298d76e5,0.2950846197031884,0.2472537657197086,0.2707862104485841,0.1868754041285187
0x4daa278b8f90b86fb70859051911003790f4de57,0.2711721294112724,0.1153868161488406,0.3365847555212693,0.2768562989186176
0x9ba961989dd6609ed091f512be947118c40f2291,0.2507717686437807,0.4569600733202554,0.1215002627717513,0.1707678952642126
0x44a60575bafadbf1471d628e7a8bdad64e2e7d5f,0.2829757031953665,0.1373457408335412,0.4149472147044566,0.1647313412666355
0x89ff8e27b92c3cf36bef6580d11e1921ea6fa93e,0.266300494865632,0.3840158671290522,0.2218551142594369,0.1278285237458788
0x64126292849b237fc3e18a81d23a3d0e4fa9e076,0.2859308029248587,0.3722942084282643,0.1235391548391503,0.2182358338077266
0x27a887bf8451c6da18ba34b548a31b6158b9b911,0.2923109315191844,0.209794491930624,0.4352828257765682,0.0626117507736232
0xb9ac581718457ec635fdfb502a7c2094cc5066d1,0.2555917403409606,0.1425613105023183,0.3765207970073591,0.2253261521493618
0x22358b377c4ae6a5ed9d584ed94a1458af6d32bc,0.2550628905655545,0.1357648193873001,0.4849979801985177,0.1241743098486276
0x2be3ff0c9ecfaa1258b2a389a44710417cf32687,0.2746452788194103,0.476657167055351,0.1433661778964846,0.1053313762287539
0x3fa226fd1a10bc11d51ccf93d79638ca28e67470,0.278734094681359,0.1752802105466673,0.3446231482807331,0.2013625464912405
0xdc56eabdb4213c8ce1c86a4806e94d286d2ca4e6,0.2863613382951829,0.0118178496349373,0.140079039989653,0.5617417720802267
0x270de0ae1bef06d1de5cdbdcf411357f5784ed2e,0.2991560807664877,0.2881008537931248,0.0092871467288021,0.4034559187115853
0x161447bb4c05d96eb1c7bf91500baf41c9929682,0.2723193104883155,0.1925423820573611,0.1430863327287864,0.3920519747255369
0xfcfb906c19b4fccf6e958fb36dff6486e9f259c5,0.255482950996958,0.3990488731525954,0.0169271136821196,0.3285410621683268
0xb0df3d82e4c844afa65b0bef52c340e9cd9660f8,0.2547688519326279,0.2264077992283617,0.1335298120033781,0.3852935368356324
0x5f2e410e0d06e2dd8d3867e6eb5a0dd660cbec01,0.2513001689888807,0.24354207361274,0.1265906902369408,0.3785670671614383
0x536299a4fcf0d1d492596c2c816fc20f3f7ec557,0.2792134151103913,0.2907780611155666,0.1357133476908185,0.2942951760832234
0x30518e38c70a5f686b38eedad342aa2c943d7c6b,0.2562279738480037,0.3303580729030028,0.3096862316675215,0.1037277215814719
0xdee4fbf0b62febe20000826eaeb939e2cc7876b4,0.2571162029694062,0.2047835769131362,0.4735662432773559,0.0645339768401016
0x2f526aaba4d27eedc11564eb2113c803b76d5f80,0.2615751463623,0.0419730247795229,0.2781782426844064,0.4182735861737706
0x4be1a00747fb56b44a62eba5b23c2f3e8018c783,0.2508960253443011,0.0428660020843721,0.0801839436074112,0.6260540289639155
0x299b960a7c82635dcbf5342a032a38003709d7df,0.2545498184723848,0.2507901740812912,0.3213524096714893,0.1733075977748344
0x9efcbd3f929aa8f6de2dfda63e97e85cc4758ada,0.2838251770210266,0.178165793453582,0.1567356121535071,0.3812734173718843
0x7581b02ab484aa73e1351fd455b740bc06503d71,0.2997513406055532,0.0449405495372817,0.3084462555755409,0.3468618542816241
0xf5616bd7d99083f59191bd888b2535069202162e,0.2823448935015953,0.0595768400276288,0.205748408150703,0.4523298583200727
0x5aae22f14eca19fb5a19be0004276aa375f255a3,0.279353612174789,0.264143124785162,0.2376106154273599,0.218892647612689
0xb0e7e1d7e3ad1e7c6ce3bad881ed95aea0df7713,0.2661059172088107,0.2287433430805015,0.1933087765622508,0.3118419631484369
0xd2e763a502c36ec1f9335d1aa9ebcafc29eada94,0.2538364649560145,0.3044570122571616,0.1488712826495978,0.292835240137226
0x2326085e6753be00097d0c2679229441dfbe9635,0.2835349321845047,0.0517422373385789,0.2497547139149331,0.4149681165619833
0x1104ff3b334316a3c0c28a8df6fc937858ba6d5d,0.2764784413049493,0.2931450322885213,0.2928164519554259,0.1375600744511033
0xc8c1c071eaa8792fb1ee0a638bc26c747f4b1764,0.2899891958136888,0.3431374935890086,0.0548482273410607,0.3120250832562418
0x65c85873de311a92e993fe5c857623cc5c4bd55a,0.2631695545475603,0.2907712612741291,0.1094958034191025,0.336563380759208
0x42fb38c130083ba1976665b7964244d0530f6e3b,0.2815630989595291,0.2548514017466004,0.2870642324381895,0.176521266855681
0x1378b43fd789b6b243f2b81168ad05131791462e,0.2733975881517975,0.1780985873413671,0.2898871608520729,0.2586166636547624
0x6e20f1b46d4164d707e8342f941302b2197bbe47,0.2769819542284498,0.2185255904532944,0.3514476379821917,0.153044817336064
0xad8853c128116a4c91d6d39eb3db39ec4368dcc6,0.2852523145097846,0.1789326184409285,0.3656893758837386,0.1701256911655483
0x33878e070db7f70d2953fe0278cd32adf8104572,0.2656098868700716,0.1069897197494259,0.1039392191034396,0.5234611742770627
0x6ac0c22198d53682277c57a53602dc0e0d95b840,0.2631482761478131,0.0314134804512631,0.3050920043847189,0.4003462390162048
0xc4630b2ac97c0297599db9a6b9a8a8a23856defb,0.2884172611343107,0.2440461189773474,0.1500412821135138,0.3174953377748279
0xc6837f9d06d95fa90cf91a6dd6bb8cb51bfcfc59,0.2613002674738906,0.3522103235196363,0.2300333379800782,0.1564560710263947
0x06a4974834fad8c21ae1edb09b1e7d971478afa6,0.2745232093888279,0.3015414253179417,0.0316588195533805,0.3922765457398499
0x078da083d361b52206b3882fb4bac67f865444ca,0.2650147289507951,0.5154134412711157,0.1230897682796809,0.0964820614984083
0x66d9dfddc3ad45d6383d5b9e9354f60bc9d16a8e,0.2797590710605717,0.1107579249794726,0.2972756290033647,0.3122073749565909
0x821c590817b28f940a04e5d02b5e9a62c5a1772f,0.2798556464499945,0.0437086663942352,0.2428500947630671,0.433585592392703
0xb3274ec870533044dc8c7808da21ef7588fea262,0.2646009786802071,0.4139198668813448,0.0292926332328172,0.2921865212056309
0x2bf034eccebc8cd60dab9c249b6c2996dcb7d8ec,0.264223444097697,0.2670391865513549,0.3556349537783014,0.1131024155726466
0xdacf1065b12849298dc5b47ece9553094000074f,0.2505880818470362,0.1438355122262715,0.1507651064413917,0.4548112994853006
0x32b1b09f43df40897e5677e2d6d0a009ca45ace8,0.2972582091615923,0.092499782538911,0.080739361568361,0.5295026467311357
0x6672f8789c54b49c596e6e7ca3a72726fc4c400e,0.2580707390894378,0.2451703132636275,0.3789083602509601,0.1178505873959746
0x25d837a43b70f517cb9a437f93d47d3a136970a9,0.2994574192156173,0.0820387076084026,0.610150165175087,0.0083537080008928
0x86e0d24e94bc2a179111d6a644c0f49855dc5b9a,0.2862956878802257,0.1910467765219329,0.2399980215543002,0.2826595140435411
0xd5a1abd554391a7cdf7d5da035a30200fc554779,0.2710628762906486,0.3401731333933916,0.2041757459508117,0.1845882443651479
0x42f09c7615cff2ef232219fe968b30a446e2ee27,0.2676165967117003,0.3186870150682191,0.0833621090100796,0.3303342792100008
0x7bb40e06bf466e224bdbc434a41b4389802e5948,0.2821102939528251,0.3140924701806497,0.1488879608050163,0.2549092750615088
0x260b6232edac26f256b4dc52d5ac05dc875f3e58,0.2797992341002703,0.1564371670403015,0.3083239718341156,0.2554396270253125
0x1896cd2c54edc8ab0d6e43c6c7107ac9ea7c8163,0.2951646942814587,0.5399954832349614,0.0965737400919642,0.0682660823916156
0xb9eb8b4cbdadbf0ed7a3e65b10f8a31b4a7671ef,0.262473779333899,0.355065341170234,0.3071359507702595,0.0753249287256075
0x4ab1e3bd6746bedf6e66ea732e1fe588507faef5,0.2659343510845134,0.0233571957959813,0.3805246474613374,0.3301838056581679
0xfe377025afdacedcebe925ba463d5dc0ed2de45b,0.2960369427231415,0.2558415097048443,0.2133864820328032,0.2347350655392107
0xa88e04c2d42b3be8c77cecae36722d870cee80a9,0.2531815442310508,0.3145560793388877,0.3775785423366024,0.054683834093459
0xb7a16e547edbf284387ae6895588d85b27bdde26,0.2605497369727478,0.372692769983734,0.2646295199318362,0.1021279731116819
0x147d43cea86fa2ea218e378859923aa8e0bddd8d,0.2951836299716093,0.1618191344353867,0.1148935348568467,0.4281037007361573
0x852b8763ecb27beddc190d1792029bc17fd5439a,0.2988144423191337,0.2705364442212466,0.1581502051783915,0.2724989082812281
0x4318cc449b1cbe6d64dd82e16abe58c79e076c2b,0.2563131933430772,0.1529221718548454,0.2867837831098583,0.3039808516922191
0x5a4e9bb1f224e8254c1d63e90de34e8572f8dc71,0.270074719970128,0.0580519871523246,0.3888207182714729,0.2830525746060742
0xd3c0c07dafe5bf50caad420503361c017e8edc27,0.2894515761662766,0.2234700900125637,0.1387344501490344,0.3483438836721252
0x77b476429826c5ba77885d08f272d89d8f1ed0e4,0.2625425889837712,0.2183101414576142,0.2621257705766492,0.2570214989819652
0x2dacc72a6327e5b384a18ccaf6ea610a24fa174d,0.283804377765176,0.3174786108416674,0.379475784091882,0.0192412273012745
0xb2b327e7258b14f38c0878ad2d42e274a0a4d653,0.2885282716813439,0.0140676663524456,0.4435148605110134,0.253889201455197
0x32ec80abb502dda08b433c2d3d24ef3a69be96ec,0.2844477093672653,0.2604886106875416,0.3953893821682964,0.0596742977768967
0x08ed8c1236df25efd6a1819cb2ab36ddae4f46e5,0.2657823493390908,0.406377061577199,0.3254008690782786,0.0024397200054315
0x93201cff3ada1dbb77038ede3fa71e75a1bbeba8,0.2626176117297349,0.3572080301107738,0.2763895824461876,0.1037847757133035
0x1f5127ac29f61588428568932caa0d40bd3d940e,0.2804203862347327,0.1770427732113706,0.2707159262570999,0.2718209142967966
0xd2bc5cb641ae6f7a880c3dd5aee0450b5210be23,0.2991220769411402,0.2468586593922873,0.2151603996972091,0.2388588639693633
0x14ebcec65c50dd3f3e37f1a78c88e858b9f2af67,0.2995064611280414,0.2036072845298963,0.2438070393577475,0.2530792149843145
0xe18d2f0c230805cc535eb264d11fffd07d781aa7,0.2794082917219921,0.1626199362348417,0.3146888155240411,0.2432829565191247
0x320d5f7703ac16e79e95d055757b4555a2b7c903,0.2853091785355536,0.2658605389431666,0.2026883871809836,0.2461418953402961
0x1e382a144bf9ed07e64d9b6d7bc57213c0ad9900,0.2862039495257517,0.2095567451731557,0.2909317137770297,0.2133075915240628
0xb0fb5cb37b834a9b6d1df88f909690003a711406,0.2884733674861494,0.3454769158416704,0.1411906745735476,0.2248590420986325
0x703fbd74399f71103604e3c7ea9f54cbb43f718a,0.287268989378472,0.1142848325459199,0.4903874091236901,0.1080587689519178
0x4aed006c0235312a56da3bce1dab9cae0f3f95a9,0.2859683335301697,0.5083761677518562,0.0066074252536634,0.1990480734643105
0x77b175d193a19378031f4a81393fc0cbd5cf4079,0.2991639230235285,0.2707086747553985,0.3419399708540543,0.0881874313670186
0x7ef7120d7116e77cddbbc70e83db8f1914db5b63,0.2516275237591319,0.3484552877240038,0.2704437648525215,0.1294734236643426
0xb5852bafe547e3a14e76e2d2ecb134fea8dd60d9,0.2874068175754647,0.4071334519615158,0.1913977837505952,0.1140619467124242
0xf39fd6e51aad88f6f4ce6ab8827279cfffb92266,0.2761001517233344,0.3195021534360293,0.1297429880238747,0.2746547068167614
0xe936e8faf4a5655469182a49a505055b71c17604,0.254828669466237,0.4295636164008652,0.1584079866399733,0.1571997274929243
0xc8bf162929af3d8c73d1a8ef58b8a9b084763480,0.2730220153056131,0.1769237669096767,0.3139859516385886,0.2360682661461216
0x6c02ff3a875c1eed933860a9adff4288d41f5dd3,0.2765445817805692,0.3289199156560728,0.1628088807989575,0.2317266217644003
0x4536bbf27aee5915821d790d72a96bf2cd58aaca,0.2824311974106249,0.2264579911876752,0.0539252075653889,0.4371856038363109
0xe51200a4d161935fc311ed8a0401feb1abf20e3a,0.2864505013805084,0.514026160303417,0.0074853176201305,0.192038020695944
0x456348964c2db1edd67450b920c7e7ab01425c5f,0.2726795175324707,0.1463753822959914,0.2873994383301383,0.2935456618413994
0xb148d8433fef47606a3f7db5beebf9a67edd9542,0.2587152322767879,0.4483208090922658,0.2799317619362833,0.013032196694663
0x434f5325ddcdbbfcce64be2617c72c4aa33ec3e7,0.2714230507423926,0.2947665500700997,0.1310471705545146,0.302763228632993
0x17617ef20f525d2e194ea33988c3b497d0f6f4fe,0.2685002968531278,0.3038529813171389,0.2083594230858108,0.2192872987439224
0x89c4efdcea57e9a74e94cc15890e9193d8c7a0bb,0.2979382840531469,0.0777921948626837,0.4250085258589503,0.199260995225219
0x970e3868a94e06e604b1705a0238c1331afc276a,0.2767640951245201,0.095677701479508,0.2583820268634831,0.3691761765324888
0xa1facffe2171c76795f751bb96fdb7e6c60a3ffc,0.2514609008951311,0.2691773015406589,0.2558179751238553,0.2235438224403546
0xb1a64cddc6398aa187c67b691b7c5f10828f42f5,0.2954657837081438,0.1994698284384902,0.2619026778773662,0.2431617099759996
0xf208034ea8566224f8b1d161451d05348e0a53c2,0.2603440706896148,0.4095951953689839,0.1456438351383342,0.184416898803067
0x839551ad5cd3a17061eb11a3fbb6141293eb92a2,0.2877560342743435,0.4964258436332581,0.1146508823723746,0.1011672397200237
0xa775c775feb740d15da78d572a1caccbccc7a0f6,0.2643933791436957,0.1364753395194217,0.0735527393104159,0.5255785420264667
0x68f6f2db8d5d28fb7d837675781c2d391f5f02c0,0.2749819525270858,0.0742212507059793,0.3125769445337006,0.3382198522332343
0x538434a71701b5b834d7684b11e5cc5780cde21c,0.259831134590841,0.3628843593524942,0.3324144124171027,0.0448700936395619
0xed83f43e646313b3828a552cb31e3990d3dc9753,0.280370909720033,0.2612065051675936,0.1912576950987908,0.2671648900135826
0x62fa674c88351866ad3385c265613ec45fed571d,0.2877620950777987,0.2144850908116136,0.1342107968339011,0.3635420172766864
0xdc1077fb0e7e7cff87be379b363b418449ed8500,0.282289873616891,0.071465458622519,0.1953375406642902,0.4509071270962997
0xd9d035e4771d6178ff47b164b765b8c7158b08da,0.259464783782848,0.0950389760662109,0.4716119717780739,0.1738842683728672
0x941a2f8241aa871ee713833064b0811941883043,0.2558295934410968,0.2965047950780156,0.2207710951827425,0.226894516298145
0x3ebf3662d02872f24c3a96fc667666229a20a343,0.2769597666753077,0.1533415784288396,0.3967811149589929,0.1729175399368596
0xd6b972af4af5d410e1c75df1ba1d7681d776caab,0.2926886098899914,0.1898163043059109,0.2419652899138829,0.2755297958902146
0x6493630e4b5f17cf2be0683754233d56844b0633,0.2519256172654033,0.2242276097540588,0.1510693477128254,0.3727774252677123
0x87690be28b65f13394741c2c2be5a6bdb0505039,0.2763227607772465,0.306511753045078,0.3341258619833799,0.0830396241942955
0x329652eedfb5b4f79e83b829b81575831d43dcb5,0.2834618415591931,0.253904978324748,0.0234027623646672,0.4392304177513916
0x023136e9845063c7733fe7374f40c5f751f7f6a4,0.290683484064742,0.4698661262258236,0.1634249584169596,0.0760254312924746
0x1e8c64fd8f94da1d0e23853118b7f73a7b467209,0.2753539220782256,0.4344158788522566,0.0318882391872984,0.2583419598822192
0x224aba5d489675a7bd3ce07786fada466b46fa0f,0.291982797812284,0.0093738473223078,0.3581326440648971,0.340510710800511
0x3006ef6777ccc79c3af305101fe0b3d14bd47b59,0.2676367551865482,0.3661332688595681,0.3090335840076466,0.0571963919462371
0xfd7bfa756d93dc8dac38c9ecb2ccf5ab599e6899,0.2910490486606187,0.1004542682632821,0.4162304669485334,0.1922662161275656
0x8bb2884ee943111aa5119a36b30085a15a66c972,0.2933127984253182,0.0104701884313948,0.5939430636259243,0.1022739495173625
0x076240ea709dcd4fb142f6f05c9326eb59cb2eb8,0.2677942759056974,0.3094667138092522,0.237707566283782,0.1850314440012685
0x061011f04b8e8c7fbb30632e609ba0aa07421d72,0.2555571000436259,0.1640750098642505,0.2397997781741006,0.340568111918023
0xbc5b552641e5d203f0a6c230aa9dc14da7450053,0.2520814406375865,0.2586943646886518,0.3758844047976979,0.1133397898760637
0xccf67669586bd9e2e2c3ff14eb72143d4a56c16e,0.2665064294423129,0.2379331247371477,0.2154623661654261,0.2800980796551132
0x747e999e365be31a7df3448d5615a004e558b09a,0.2963206427296247,0.3005328127585041,0.2189893062182589,0.1841572382936122
0x96250ede0d9365ca3bfc67df939aa05b44fe39eb,0.2711432662295195,0.5578661107321475,0.1483888524447454,0.0226017705935877
0x986e92868a27548a31e88f7692e746cd7e86f39a,0.2773955795532606,0.3511672935814871,0.0817653879283023,0.2896717389369498
0xb91bd1b99420ffea6d287103fa11e9a969cc88a7,0.2522436699468589,0.4787708655951009,0.0942871987398638,0.1746982657181763
0xfa483c6f280782714813c484ea05bab55e9f81ad,0.2577399578086925,0.323499434273248,0.0047097295301569,0.4140508783879025
0x9a45b87f12e9bb97d0741b49667e4578f887d4af,0.2851186376277705,0.27958623967908,0.2559655275656453,0.1793295951275041
0x578be284ba9d6f443fa070c5f9937a6554aab1a1,0.2752699561077689,0.2833302067996699,0.167772123741874,0.273627713350687
0xca8d84565a4e5d721ce0bb50f3374e2afc8bba49,0.2809802369830881,0.1943683910119318,0.3564495175843867,0.1682018544205934
0xca0b4fa6acd64026b6695baf0feaf1154d110909,0.2784277836737666,0.4037021885508993,0.140273787742122,0.177596240033212
0xc98deb47fd457857327f2e3308b8853599a4bc5d,0.2582162519906462,0.2804979345155465,0.3025899606455748,0.1586958528482324
0xa8a69a507cf45cf07047c4be7731d35dfcc55f63,0.281040583909217,0.116813294738323,0.2743322088137352,0.3278139125387246
0x1cbbe9fc5520aae025945e23578d488eb5548922,0.2692752962392499,0.4766769144262264,0.1824808009674044,0.0715669883671191
0x5dba530a4f06fbce2865baa35e5ffbb37ad3fd5a,0.2702179306507482,0.1588023748934378,0.3034956985363547,0.2674839959194591
0xc92fae7e59fb249902c93e6977123c9465e3d083,0.2647510899866161,0.2266736579118948,0.3603980773880326,0.1481771747134564
0xb14a817e75945b7ac319063bf04b24bd469dd272,0.2906768204582201,0.1335733485740075,0.2598079916599849,0.3159418393077874
0xa4d338186d93a77b5a82ac8253b79050b0058275,0.2718384342355968,0.3484652078695843,0.1438454674096018,0.2358508904852169
0x7acfcd700efb046ba9064f2860a6cac3416fd6a9,0.2809352479618757,0.1206301669621216,0.2035587652823201,0.3948758197936827
0x13a4575a8e33ab7b1956c48c1b03d048214ca310,0.2628815962636507,0.1728514950135653,0.2898933874126042,0.2743735213101796
0x647753a2e5ededd182affde7b11141ee999f9107,0.2994668411726136,0.0811097200186656,0.2447781358077824,0.3746453030009383
0xe19548089efbb68bee55433c0cd03dc540360269,0.2783391266830161,0.2242127817445313,0.255113497144239,0.2423345944282133
0xd5a48e1fb49f5b476ccb2b2bb84298817d4bdb0b,0.2506720631756806,0.2078171278977337,0.2539568308546943,0.2875539780718914
0xaa3dcae90268e07be651cfd4a2df3fda078571fc,0.2586836636755834,0.2440439790116914,0.2917995564016171,0.2054728009111081
0x7f990adf733fa970e7d23e89ed61a6becc83e4af,0.2545704864121332,0.1409286287170979,0.2446550147998172,0.3598458700709517
0x5d3a0084dcb4cbd7abccfd4cff5f3280d253a8a2,0.2635029093874073,0.3371659893996926,0.041881896220313,0.357449204992587
0xdf26c161c73d4d02d53ad21863df8623db38f1ce,0.275572054768875,0.3849793171630414,0.1802466142340321,0.1592020138340515
0xa8467ff6e714b62b6fa3ec9d666c2b1657a53aaf,0.2724741033850499,0.4041131363508974,0.1536171215992207,0.1697956386648318
0xfd2edf4bed195070a6af7f60662ec2eacf7391b6,0.2614302130281545,0.3214376062730799,0.3145665557468785,0.1025656249518871
0xe67c56c3d836c29cc7820ff52f28904503f7ae54,0.2516353350385567,0.1346037065927978,0.5431091107097894,0.070651847658856
0xd1595177d8cc61a6879a4593022a956e016588b4,0.2903885319718474,0.2714527077834282,0.1088762918769375,0.3292824683677869
0xe6b6191a7f7033cc41d2df99b628748aed267be5,0.2756448183466649,0.3331872411024479,0.315081263746326,0.076086676804561
0xcc449df434d886576202eef7c9ef2aa0948c310b,0.2664660564342986,0.1817835023477808,0.2925400745668763,0.2592103666510443
0xf3e0a7eb1e8fefe4d77ae7e65153a4b9ab7524fc,0.2673290332392872,0.2327354811743058,0.2191148368738506,0.2808206487125562
0x4914faf80b6593a8eac644ced7911a6dc9105355,0.2996762004229841,0.0369260024012857,0.3900098749181754,0.2733879222575547
0x5705b28907558887b023b7dae2a2fe8c28aa91f7,0.2517720908637308,0.4438669971295093,0.0147510151887145,0.2896098968180453
0xebefe02040c7284a30ade6e52da7e24af6884ffc,0.2881424187477379,0.0823469738819044,0.3397832236968477,0.2897273836735098
0x272b0f68c9f518d6dc8bd41240506ca1e7f46c57,0.2633693350351251,0.1953228358599623,0.0346860050866178,0.5066218240182947
0xcca02de5372cb0caac425543487789eef5d17fb5,0.2923184086371074,0.2051091726911419,0.2430405853389088,0.2595318333328417
0x58c58d02323af6659e8d94fe3feb14385503a8f9,0.2594479437706392,0.0122532713133674,0.5754771724296333,0.15282161248636
0x737f8c9b7c07d13c84275ee0890b592160d1f8a3,0.2981069171822284,0.3979429704281982,0.0840256115679505,0.2199245008216228
0x9b826b0c6a6601b34f2b9f86f4bcff715e68b2eb,0.2801359017575994,0.1137157630303379,0.2913992942606422,0.3147490409514203
0xcf79c7eaec5bdc1a9e32d099c5d6bdf67e4cf6e8,0.2940985183871104,0.1899007969305227,0.0709320432836831,0.4450686413986836
0x11435318c6231f730bb04c651522294021365cfc,0.2865803362053452,0.0735770352366129,0.4055674329811305,0.2342751955769113
0x444a6e71d2f0fcb4013f987221bed7be0f6d1eb1,0.2861971576670394,0.2493699741217391,0.3672191938805724,0.097213674330649
0x577acd60f180802458a75188b74ed186087aa2b6,0.2580472003583154,0.5770215601103447,0.0349280121318996,0.1300032273994403
0x304eb9063fa42bd7841dc7cd6644b12385caa891,0.2848783757610134,0.2299779845222746,0.2928749027656868,0.1922687369510252
0xab6125047f67eee034cc4ec3a1c77ee3e77bff04,0.2526838986874916,0.2399127673336746,0.3018357332306497,0.205567600748184
0x8bff44bbbeb73e15af02b6ca460c4255fa9291cd,0.2941304114447002,0.0454396466677086,0.3969473474219458,0.2634825944656453
0xc61221100589071804eaf2927ba351706349ce95,0.2517296867369686,0.3039036960354526,0.3069310229889564,0.1374355942386222
0xfb343bd470bc97450470aac23002bcc8d8549911,0.2910314177471745,0.2552003500417099,0.3283438689640782,0.1254243632470373
0x2fee53687906ba239602ed42cceee2ac8a4ada36,0.2541424967029713,0.2507839385679306,0.4267103984838902,0.0683631662452079
0x3a95ac31729140d6ac25c80b90eceec9b929eb9e,0.2509836190024258,0.1420545916666762,0.5520402461325693,0.0549215431983288
0x2879da9b66f3bd976ac2d786ad381bb9c07d4003,0.266596583419006,0.0579700051235804,0.3504198983197972,0.3250135131376163
0x6916683ab95b955bb73caf8bab92700a2469d758,0.2762666728436859,0.2347833441134827,0.09720568907998,0.3917442939628513
0x53683bcb9f386823a1e77e5f1720ac633d5d871d,0.27469582045552,0.1668979279320023,0.3279525416414717,0.2304537099710059
0xba230c2295e4cf1a6f35dd4e4fe7437a18652f21,0.2536036347467713,0.1029478527800135,0.3158785373138006,0.3275699751594145
0x006c4972be1366114fa7b08773fc88b6083d5d18,0.2654448416072517,0.1171695814030273,0.325086388861985,0.292299188127736
0xcd6b97e773fd588ddf9462dd7e4f9869e120acff,0.2835970915763817,0.1620100397450402,0.1584964091173522,0.3958964595612258
0x891e02fd870432b1a8a0091f67fb8c7ca68740ff,0.256870664030791,0.393212386328471,0.1892798400425076,0.1606371095982303
0x77d40c87d423efb7ec576e80998a48377adf86df,0.2804231639712354,0.1552204257771669,0.2430988034351822,0.3212576068164154
0xb2821c0df0c414ff51d3e8033cba26df6aac587b,0.2508800760894174,0.3417866119257501,0.1958974134552522,0.2114358985295804
0xfede2257dc043f53a24ac7947218bacfb0013b09,0.2823349433508568,0.3910878746961442,0.0953225717613246,0.2312546101916743
0x5ce15dbcdf9a7c65ef7f31d11ccd49df4ecd860d,0.2512609807253156,0.0706634890945528,0.3100412117316879,0.3680343184484434
0x4888af8f72de3c1b5a1cb1c4f6b802ad7b8e51ff,0.2809199848449368,0.3001513902942306,0.1303280389354286,0.2886005859254039
0x4a9a40b2c44b7d32ecf4e0cc66f5304518ec0a59,0.2525396231052881,0.4651981437823362,0.1899398348338092,0.0923223982785663
0xa3fa5cbf856b10676e7e2ab2dc707a9f848c3af5,0.2698878151974901,0.2071394376301347,0.3802356304831444,0.1427371166892306
0x999e054df3e888a2dd20e678a436128e1bc796cf,0.2903532159626226,0.3525729919558875,0.353858516886797,0.003215275194693
0x8496767a1252a4981c16456f36316222d415b458,0.2500326172046524,0.1523930272622113,0.515923307435519,0.0816510480976172
0xc31442c950e7151ded79386a506be868f61792ee,0.2749147100616478,0.4124737696704259,0.0034921613817346,0.3091193588861916
0x4d3b32abd5c3c6bec64fcb470e996fe843cf15d7,0.2592738053972072,0.1310189649893846,0.3530158078995656,0.2566914217138424
0xb7babe35ce543e2cf2f615cb1c792a2025feb572,0.2817712570850051,0.2443870030913469,0.058872772835257,0.4149689669883908
