ID,candidate_A_preferences,candidate_B_preferences,candidate_C_preferences,candidate_D_preferences
0xbb8743ea733155fe5e81ed285aea72cc19b2ca87,0.4924762868125916,0.3384998144534088,0.1329427721858229,0.0360811265481767
0x049debbad61a20e21e872b06ef4f25be1253c802,0.4477235752249693,0.3452383998653636,0.0950000423107677,0.1120379825988993
0xa481db1ac55683dfb2847c02e417b7e411bcbbea,0.450540054222062,0.3863974866114756,0.0857655084337637,0.0772969507326985
0x024bd3d1c3b6ba2277a744d7a99fbade9404a370,0.4908318953747395,0.3498781756832223,0.0214378936659926,0.1378520352760455
0xa0b026b4b9e19ff2cbf5afbd9a679d93dedc2242,0.476619516081786,0.3661359575614505,0.0839605620898504,0.0732839642669129
0xfb2069bf55eb844694d8028df74dafe550821ffc,0.4004769775975214,0.373663064685856,0.0150087830057423,0.2108511747108802
0x222cf246a3d56d61030ca49f5e6ffd6c20c3dc4f,0.430774203049882,0.3984809908828291,0.0582505772302593,0.1124942288370294
0x5658f4b362e95c0bc32d5ce0051457882db92ee5,0.4712270573323487,0.3644754581916549,0.1047927638625592,0.0595047206134371
0x6697aeedc3eadbcfb25962c2045aedf438b4c1f2,0.4610609305902269,0.3924444739912562,0.0172669518771059,0.1292276435414109
0x6a7becf86b56fb68c948cb0a9fe9961370079190,0.4570037768890517,0.329835874593015,0.186549022036316,0.0266113264816172
0xc8eba9130f40a0ea9be530407e5b4f7199118864,0.4443965826648002,0.3398640635716237,0.0194072541201593,0.1963320996434167
0x6e3556f2c8f29559ed67642a1813b177f1871613,0.410944518179392,0.3743027202763493,0.1012523468853218,0.1135004146589368
0x278a4bd5a8d09bcf11b1052ec3129a7efa75d213,0.4837407976101143,0.3227793342885188,0.0430702726312343,0.1504095954701326
0x28ddb1f987f1d433eb82eef644b006741977f456,0.4270237438505874,0.3119116954588661,0.1341290252986443,0.1269355353919021
0xfcbc07905fee2d64025461b8ddb27f77f256827f,0.4551544457065701,0.3043628420096058,0.132264910963692,0.1082178013201319
0xa587b5aa3ddf49559cde74140456bf65d716f30a,0.4839664100180142,0.3177186362517433,0.1432193498938094,0.0550956038364328
0x6120faa647cd26cd6b2c1df880eff537065c6815,0.46111890500477,0.3115720937758774,0.1523657171969403,0.0749432840224121
0x6d465d2081b799770d0ce7e755d8db1665903ffb,0.4371452254295171,0.3958587864616112,0.1138687050796124,0.0531272830292592
0x3b067af83f540cb827825a6ee5480441a4237e77,0.4621577271697844,0.3146489830722646,0.1595691098439467,0.0636241799140042
0x6a5cce4ac8b280ba789eb2e2bd3895b46133e5d4,0.4628430488953331,0.3100519958867068,0.096127475226044,0.130977479991916
0x58e39293ec6ce3f4d49c9a44bb76bd3e9b300130,0.4992751632190185,0.3547884638367856,0.091414099016433,0.0545222739277628
0xc12abc0ce980c0949ec132e01dfa21eeab76b57b,0.4846347082843479,0.3775799626614782,0.1050703588134245,0.0327149702407493
0xcf653e70110315ddb9a11ae4fc36c6716e367a14,0.4165088349003433,0.3589534829879924,0.0448648833735484,0.1796727987381158
0x0eafb78d216a4d9ae725d3ef087143808695445c,0.4210600159070496,0.3138227146268442,0.129366370851527,0.1357508986145789
0x79219e0514a0ed8b495c1bba0180cd12cde40242,0.4452627220641326,0.3677447757596175,0.0813251718928836,0.1056673302833663
0x6897abe0fd62b589260784b21f4ca3f78a0d8017,0.4174507104300148,0.3901119042654379,0.159968960873297,0.0324684244312502
0x26cee1c87b7910c42ac83a3b617c2932f13b9044,0.4339389892015685,0.3874930523870201,0.1744015817351457,0.0041663766762655
0xee8bcf545bf80682b78d99f65742d34166cb0405,0.4110120452131589,0.3948346725617784,0.0815647395799115,0.112588542645151
0x071903cc9a767a845fcd3ab7373e4d5328522481,0.4717334078873879,0.3603121943760349,0.0029320646094422,0.1650223331271348
0x9b9c0732cfecbd446eec92ba53dec31f2c9d88b1,0.439145740103738,0.3126999028841478,0.2146627632414021,0.033491593770712
0x4b8aa2db33df252cb0087de8d170d652e92eba02,0.400414281997841,0.3573423577724571,0.1447520052732966,0.0974913549564052
0x1309df760d05a7e9ba396d9a6f8dd4305c4d25bf,0.4191806463838502,0.307377480943918,0.1358142328560725,0.1376276398161592
0x1c651c3fedbf95307fb7a3a2fc07bc1e0753e5a9,0.4494385730285374,0.362716503291025,0.0747258858744979,0.1131190378059397
0x033e64537940e0602e8f27f571d93904c0009486,0.4847866128839441,0.3471343433784771,0.1089962108235085,0.0590828329140701
0x0e272eceadbf50541f0a5c740082f177baf214d4,0.4367399395558307,0.3601203467573152,0.1225693939594711,0.0805703197273829
0x74fb4ba94a01b31424b5e1ab0d3ceff0ce6e6530,0.4562143594611045,0.3711444222319121,0.033016427185048,0.1396247911219353
0x1210ba92eb82cc256213c78f0ef9d5212c7034a9,0.4269582953847427,0.3434438829733258,0.1661346523901641,0.0634631692517672
0x06b3b315cbf8b6f639508911976e2a58f1729e3b,0.4157924333039727,0.3763989942423413,0.1011758195024489,0.1066327529512369
0x4bce1d711ea4e033ad5e7d48d2f63fb24fe4b5e3,0.4026618267585363,0.3726872048306161,0.1494550645508428,0.0751959038600047
0x8242269882cd61de8ac878ac47d2a7432fc7bdee,0.4914487795585701,0.3389149826441378,0.0458703649885667,0.1237658728087253
0x7ee9033aad1d11a80f1c1e8d769feacbc97416db,0.420463519606338,0.352747314132317,0.1021493434357517,0.1246398228255932
0x2408a5b5a0c0e47cbe8f3b8c92b4361958b371e4,0.4711242490036215,0.3736534247809875,0.087341134924612,0.0678811912907788
0x6292b5752db4aeb894428296accd3b707fd63b37,0.4225753897426005,0.3972298195353295,0.0998551455740068,0.080339645148063
0xd0ceca3064bd0f33483885f60ef40a71c125c638,0.4797388481290712,0.3363568862279139,0.0852109330115085,0.0986933326315063
0x1e5e0982e0b81f041f4b2668e8e1f300682b6ffa,0.4686868987989508,0.3337600218149271,0.1064457033620517,0.0911073760240703
0x88bde89f94b5e5dd1ef3c054a39961bcbb33bc44,0.4760530066558807,0.3242309267842254,0.1951408391603645,0.0045752273995292
0xe21a9bc92838fedb1f1b7a601f526816f28871c2,0.4045776936951694,0.3087753767827323,0.152436264895754,0.1342106646263443
0x148d424f74c323d3950a8562760aa76e4c58615b,0.4349595102978772,0.3132094974464206,0.1226003220177718,0.1292306702379304
0x7003849fc9f3c70b5e90619f01522be94a38816f,0.4479277395572521,0.3643833306702319,0.0889616971362567,0.0987272326362592
0x27cdf5ca6cd49abd44fa030decf743b730310443,0.455312517031714,0.3361009622930058,0.128213045853871,0.080373474821409
0xf9278a270d2100ea5e76e8d85ac712b2cb7ec685,0.4395642986939769,0.3622827723755025,0.1922348950734567,0.0059180338570637
0x9f771f779b88178de06291a2caa8e4bdc56dc184,0.4292289149184095,0.3729763997519972,0.0881191612876855,0.1096755240419077
0xdecc4ac78838d0178a418349b8ce6205f3c1905e,0.4894669383883134,0.3252396203058839,0.0082798290794442,0.1770136122263583
0x7137931f8e93928e835ec0946a8b78a8a8887900,0.4704660335500848,0.3042965956888649,0.0774199538373247,0.1478174169237254
0xfeee0f97af25b988e10417b3988e7720772e584a,0.4003267030151224,0.3566770340398764,0.1694676238529265,0.0735286390920746
0x8a79889c80e0e0ae07151acdc4537ffbace553f1,0.4048582631406504,0.375581489295222,0.10798038983854,0.1115798577255874
0x0db3c73e0fd8a19f086cfd303fda498f1b0221e3,0.4329444242728449,0.324143682844464,0.1983890118432147,0.0445228810394762
0x912a7f5845f3fa8de3cb55772a3ba9c40d8e3aaa,0.4006435696587497,0.3517959327548434,0.08846132529187,0.1590991722945368
0xe3a17b05f01c1b28585ba2341ede238641cf32e7,0.4234480603533658,0.3810545947260023,0.0405972237240873,0.1549001211965445
0x358d930d71fa424ba4fee2a48a2e87fda55993e1,0.4091409918182949,0.3418387680345335,0.034514646317891,0.2145055938292805
0x3e0cf03f718520f30300266dcf4db50ba12d3331,0.4964148406932138,0.3514524701129085,0.0682332824348038,0.0838994067590737
0xb9c62c6b68fa76bb5dad4279074ebdb6d72e3fec,0.4937930935870677,0.3310019710819558,0.1023993707162797,0.0728055646146967
0x85524e962b11cb82ea7baf3a00ceff92c6368db2,0.4482309437125003,0.3356444143642215,0.1336928408080197,0.0824318011152585
0x0b04f285b418ac07f12b7f60064d91d88f52c681,0.4227004621580456,0.3210287993458829,0.1332787327584644,0.1229920057376071
0x58ba947570d2f9b79882c444170a30827000b33a,0.4731407845865375,0.3161483156537883,0.1915947003154245,0.0191161994442496
0x18e2728b00678f886150caac59ce468b7f7a7af9,0.4489180344648576,0.3627105258366391,0.1256828243479915,0.0626886153505117
0xc68844831cd4af961eafb5bdffefa4fe698b70a2,0.4458518396415125,0.3488292109773509,0.1479071650811226,0.0574117843000139
0x8b9c66ff418aaddae7974ea006859e8ba8374aa3,0.4309408006269322,0.3469826237852498,0.0238474914104225,0.1982290841773955
0x3e31155a1c17c9f85e74828447aec412090a4622,0.4714181723126485,0.3658023443708187,0.0717140580386223,0.0910654252779104
0x01d517d706494ee4b01cbc8c699b529cd150edea,0.40630373132328,0.3727999395383436,0.1854062064439109,0.0354901226944654
0xb6b774dcbd3091fd2a0423a201791d07700c25ef,0.4746892664310587,0.3562850129101041,0.0931535052037217,0.0758722154551154
0x560fbf887a1c98ae68ce71f018772d771d067781,0.4682103287743664,0.386690599196454,0.0728561042220496,0.0722429678071299
0xa770a33cbf2e97a0eaed41afabddb997661cc24a,0.433199723575693,0.3743154764815094,0.1106017165933848,0.0818830833494127
0x09e083c5653172131e1eef9a92e1eef64d86b154,0.4802452661066839,0.3914461050862557,0.0514706572414005,0.0768379715656598
0x336f3ca6cad963a70b8b64fade48c39a8de03b44,0.4027357477174125,0.3755360402764681,0.0316353733990629,0.1900928386070564
0xd26cf287da6ae872dd14a0151e2ee30a465990e8,0.4983908965583024,0.3524401108977537,0.1289239915145099,0.020245001029434
0x35b2a533f02234342d9352fb9fbc1ee0c1703198,0.4351415770599201,0.345563551615191,0.1367923131510422,0.0825025581738466
0xbbc9368898422cc9ffabef8ea66210d3d011512f,0.4411201835656115,0.3454913353547116,0.1202335099390012,0.0931549711406755
0x78390edbd4d560bcb3531d885058012041de24cb,0.4655715745237336,0.3022318256646793,0.21575108181465,0.016445517996937
0xba0e393d0d47ae81a22f27d68bac043bb64ddb31,0.4545000230298148,0.3789998593718689,0.0479673102149079,0.1185328073834082
0x72f2c4dd290d1c08d5763c812028655cbde3fb53,0.4136370143969374,0.3108520160837705,0.1761680447560528,0.0993429247632391
0xb13a55d8512aec4bf7b15067d733c4c3c68f2439,0.4735639381805691,0.324699404364907,0.0216692982558052,0.1800673591987186
0xb78d439ba83baced629310207a215900e02d84a4,0.4368987731988129,0.3763285153339225,0.1076389884553239,0.0791337230119405
0xeaa24cde31a65ac72dff0ea673735d70625cf78a,0.4650604891797328,0.3819385753719996,0.0356485560800538,0.1173523793682136
0xfc0bbfe1e6391ad733b0016d41e50cfa2725717e,0.4176819043865711,0.3823794815619713,0.0952232634638402,0.1047153505876172
0xd3dbe133af71345a9a69894db354161ea7f441e9,0.4088676909140945,0.3058081549850241,0.13173688065043,0.1535872734504513
0x4f766bfd800e0ff3260635fdd5fe8cfb666828d1,0.4296326127837301,0.3490554972310494,0.1374729205417642,0.0838389694434561
0xc9d94be541ef24cd2e402dd5f6d15676d08474f7,0.4375404781071696,0.3456794848740716,0.1479196906693804,0.0688603463493782
0xe64063c7688db1ac863d0daa3dbca41ab4e6b465,0.4900951764788377,0.3151086455511916,0.0793821568984795,0.1154140210714911
0x4ff9371b4db3f0771e34f6cf4bd33312bc993e0a,0.4684390402358775,0.3919104452619375,0.0701774717888383,0.0694730427133465
0xb41ce218c36c7d95059bb21f82a6a720546cef29,0.4977131936323264,0.3350324492521748,0.1052005698184696,0.062053787297029
0x51bef0ecac2dbbbbeff5c39d02e4ac49995185f1,0.4482762781931225,0.3942727883064405,0.0711178932933219,0.086333040207115
0x0230b092ff54c1c7f17da5daa598117abe3e5715,0.4648401069719798,0.3396966909860409,0.1776232293617317,0.0178399726802474
0x0ce681173619e2599713ccc1c18779d6109671f1,0.4472662121203477,0.3647528276227533,0.0021487485931943,0.1858322116637046
0x18c5a9d555d197c9c42e63ca646716efdc20c676,0.4575577603904064,0.3376407160864484,0.0208768046634334,0.1839247188597117
0x0e950e75b652878e6a3d3ecb6e5797452a918a05,0.4153131858491634,0.353923648286238,0.0765525162028827,0.1542106496617158
0xd6c197afb2d3f0c2549bb542b49ed089faca780f,0.4806429579427384,0.3096078981426112,0.1541561705075048,0.0555929734071453
0xcd8e1e3a577049f4e138db9f46a46a7e7bf3535d,0.4052524273427244,0.347276427868439,0.1914205547012642,0.0560505900875723
0x325173bc8c0f68ea1384de0377786ea3284cf2fb,0.4807756431709711,0.3388648789184126,0.0335974626858631,0.1467620152247531
0xe9cc651f1cfaf869b88e8ba945c15e1d9c609ab5,0.4332000154455478,0.3270726664484459,0.0135093741830242,0.2262179439229821
0x82f9be60fc43ce39bbe40df22039380935ff58c8,0.4139709400832856,0.347802217757122,0.1698927863620178,0.0683340557975745
0x47f793e8af738f4b61d7e2d207c6d29c713d1a84,0.4123433097888907,0.335428178105625,0.1440652658445378,0.1081632462609465
0x4a16fc2d0826b50bbba9f4a1729f2e56cfca509d,0.4494520700711289,0.3799177923302697,0.004016004959609,0.1666141326389924
0x0b96b6344b2a8d00b610992d0e6afb90c24bcfa3,0.4737951761566053,0.3530651533657223,0.0659953499350737,0.1071443205425986
0x91ab8278d8e018b79657c9c0d9abc876be4f9787,0.4393258134268255,0.324487756275618,0.1251642790152486,0.1110221512823079
0x3e13da66f07b4b51f6496d4c6a7eeda50416692a,0.4918697669090258,0.3984908170266977,0.0470459935047174,0.062593422559559
0x4fbfadf58cf32e7c616ed09d74318fe30c7071d4,0.4137468822798358,0.3167574776132291,0.1183510039537287,0.1511446361532064
0x6100c2ec0b1a0800dd246a7c6a922c21252be392,0.4788207184526125,0.34566206219987,0.0232483595853904,0.1522688597621269
0xb2523a5a54813ff3acfef0b00f442a4ebba06ace,0.4651645411355678,0.336688450897804,0.1104890632105685,0.0876579447560595
0x4c5b9006ac613ed4805f38b460c85484231f5ee4,0.4724810241562134,0.333096070945084,0.0849168728878823,0.1095060320108203
0x7cdacc2e58c4daf29ab871958a714ef7398fa368,0.4659602234018112,0.3978999584382213,0.0532884742501118,0.0828513439098555
0x9ccebdb9c9871b0b8c18fe43f90760c83060bfba,0.4285505895557052,0.3849964439307115,0.145699847572654,0.0407531189409292
0x0e5c4c325ba0cf3ebc82f0b15c318d6620e896a7,0.414666114432644,0.3451955798494766,0.2050297695351627,0.0351085361827166
0xfe161714d95ff338482b0200c2857cfa5e77a789,0.4683463174128351,0.3575810428288917,0.0642058315910724,0.1098668081672006
0x0cb0f554a2e8a5b7b5634f37840b037214925815,0.4079457748189282,0.3555309935617121,0.0938689743982716,0.1426542572210879
0x45a337477fe38793d90db641eecf8c5c624f062a,0.4937665610627234,0.3041514743081496,0.0868804355027241,0.1152015291264029
0x11b064a8ac721ee4a706c07128433548b8d2151b,0.4181447162756895,0.3046400838223096,0.07431982040066,0.2028953795013409
0x8498ff79c6bb9e32ce2fd07b542a84173946e50c,0.4653361488591728,0.3825954531276037,0.0832421705205489,0.0688262274926744
0x955cf0ccbcedcfc85fa0796cc776354b46a10fbb,0.4653402609050325,0.3599836855503139,0.1044071641625014,0.070268889382152
0xcf2b46eec11927951aba257ed877786924fa28e6,0.4689511245520293,0.3494136116465586,0.1271244347610432,0.0545108290403688
0x1f2b12286864d5439500400b3609c659fb3c665a,0.4251716939898267,0.3382662446962257,0.1675480952333648,0.0690139660805827
0x7d1f3ed0d2e42809779255846cf0a1b1eb8a21d2,0.4047970832945216,0.3318813617100464,0.0325392070410541,0.2307823479543777
0xef8347476de8dca8639af6f065e96361cd656a3c,0.4106833710172018,0.3885256696594807,0.0957170675620438,0.1050738917612735
0xb2d60143097b4f992bfbe955a22dbb2acd9a8eab,0.4610309590361933,0.3682534441915128,0.0785062700587966,0.0922093267134972
0x1a95a5815fb8d1e581811725e45fd70ff02839bc,0.451631771134957,0.3852255895962985,0.1176305453940278,0.0455120938747165
0xd1a317989c846e42f64128daebd975f857068a8c,0.4646527359493103,0.3669454294102225,0.0612575863290761,0.1071442483113909
0x579955b31fbdbff16a9760d5f5e869ba36431e2d,0.4316475939172441,0.3594391918730309,0.1483681517701815,0.0605450624395433
0xc710f3da5ea5ae7b060166942185458c60c0434f,0.4243158902157258,0.365051668249547,0.0996957300142169,0.1109367115205102
0x826ab98b58cf43c30644fae1221dd641ec04811b,0.4492487040184857,0.3545003660134896,0.0676660675788342,0.1285848623891904
0x0a412418c71c80a882ca276acdd85e8be791857d,0.4657241925135077,0.3122074012384098,0.1972240746903799,0.0248443315577025
0xc210c735b22ba9ca5254ce0f028a01e335e86e33,0.4799851374715896,0.3098223976324226,0.0383890201239877,0.171803444772
0x7e1f8358943580724290277167b86ab4734752fe,0.4700734768632472,0.3078849241016785,0.1533616288118254,0.0686799702232487
0x0a23aaa56d700701b69580f574d35850a4127bd9,0.4497297123017121,0.3426412562386146,0.0179706119496714,0.1896584195100018
0x75b41d90281f8dcc624067763d7281e3086acae9,0.4001274085703036,0.324902423244974,0.0139866187636525,0.2609835494210697
0xbda4446d94d907fee2f6b7846a0320045a2e9949,0.4906751234395568,0.3407562875948544,0.0246540289499599,0.1439145600156288
0x1f7972a40f8129a311e6c6a089f87347adc0e244,0.4629097813928527,0.3575759193560145,0.1174586634140165,0.0620556358371162
0xc02b76a3724eb40742e195b9d0852d7068d806ba,0.4125820529429523,0.3430037060126474,0.2296523919002553,0.0147618491441448
0xa39b12ccbd66c3b4624d7eda1ac0a3a8ae830bc0,0.4473010967418409,0.3302691714898732,0.1447527199811075,0.0776770117871783
0xb617f96eca626ff094169ac160452c082af23284,0.439326868080543,0.3969265487409385,0.0999785397737205,0.0637680434047979
0x0afbea5597875c33047ab0004575f636e652c49e,0.4192905200965676,0.3426573197393574,0.1284855124919805,0.1095666476720945
0x88244475fbda5a3dc68e505689f5d2caeed1fc91,0.4311567464057965,0.3338886531381111,0.1430376215717541,0.0919169788843381
0xb2de5bfbfa82101c05be100b35b144b2957936e3,0.4253366777574076,0.3230707641991588,0.0403729627355358,0.2112195953078977
0xfe30968b465f7218a633815188170b01298d76e5,0.4658360954012853,0.3781711903093978,0.0078392861810319,0.1481534281082849
0x4daa278b8f90b86fb70859051911003790f4de57,0.4909149543943055,0.3972267345959813,0.0921736114316665,0.0196846995780465
0x9ba961989dd6609ed091f512be947118c40f2291,0.4187320440469027,0.3695328216163259,0.1132442303725162,0.0984909039642551
0x44a60575bafadbf1471d628e7a8bdad64e2e7d5f,0.477771774192191,0.3106542722275516,0.1067156309781265,0.1048583226021309
0x89ff8e27b92c3cf36bef6580d11e1921ea6fa93e,0.40205296787371,0.3820661945025351,0.032054094653946,0.1838267429698088
0x64126292849b237fc3e18a81d23a3d0e4fa9e076,0.4535387284012127,0.3578891261852207,0.0673192234213523,0.1212529219922143
0x27a887bf8451c6da18ba34b548a31b6158b9b911,0.4258310673000907,0.3689483536280063,0.1549761981387995,0.0502443809331034
0xb9ac581718457ec635fdfb502a7c2094cc5066d1,0.4721473875016535,0.3061360622336673,0.0440916580302654,0.1776248922344137
0x22358b377c4ae6a5ed9d584ed94a1458af6d32bc,0.4810610430984414,0.3992870153452194,0.1015213959951221,0.018130545561217
0x2be3ff0c9ecfaa1258b2a389a44710417cf32687,0.4082567411229474,0.3736006233852147,0.1206852071076356,0.0974574283842022
0x3fa226fd1a10bc11d51ccf93d79638ca28e67470,0.4564357701316868,0.3971714695286764,0.0910301585367548,0.0553626018028819
0xdc56eabdb4213c8ce1c86a4806e94d286d2ca4e6,0.4166658938716233,0.3514517347190371,0.1120181383827578,0.1198642330265816
0x270de0ae1bef06d1de5cdbdcf411357f5784ed2e,0.4410407908984011,0.3619828046475177,0.1260394433324097,0.0709369611216714
0x161447bb4c05d96eb1c7bf91500baf41c9929682,0.4471174384951018,0.342082664821008,0.1031957697255335,0.1076041269583567
0xfcfb906c19b4fccf6e958fb36dff6486e9f259c5,0.4062878692084873,0.3999443381924829,0.1892646295339429,0.0045031630650869
0xb0df3d82e4c844afa65b0bef52c340e9cd9660f8,0.4968098828093045,0.3562070963646306,0.1406011917682703,0.0063818290577945
0x5f2e410e0d06e2dd8d3867e6eb5a0dd660cbec01,0.4540506339156009,0.3141765907597696,0.1270907070375093,0.10468206828712
0x536299a4fcf0d1d492596c2c816fc20f3f7ec557,0.407562418983784,0.3182635873201073,0.0656060423938753,0.2085679513022333
0x30518e38c70a5f686b38eedad342aa2c943d7c6b,0.4457073655135152,0.3448372463124086,0.1060154512772298,0.1034399368968461
0xdee4fbf0b62febe20000826eaeb939e2cc7876b4,0.4837231875331599,0.3623858293750804,0.0374576766462188,0.1164333064455408
0x2f526aaba4d27eedc11564eb2113c803b76d5f80,0.4076193825351596,0.3203487094475113,0.0370784128774201,0.2349534951399088
0x4be1a00747fb56b44a62eba5b23c2f3e8018c783,0.4691619837263837,0.394471576111541,0.0452512416448393,0.0911151985172358
0x299b960a7c82635dcbf5342a032a38003709d7df,0.4993353127260918,0.306141084304563,0.0162013955115812,0.1783222074577639
0x9efcbd3f929aa8f6de2dfda63e97e85cc4758ada,0.4347376101144997,0.3751006463695114,0.0729387112875938,0.1172230322283949
0x7581b02ab484aa73e1351fd455b740bc06503d71,0.4930040599244822,0.3839251170784512,0.102833183252486,0.0202376397445804
0xf5616bd7d99083f59191bd888b2535069202162e,0.4303724051278406,0.3814254629328105,0.1108256842440356,0.0773764476953132
0x5aae22f14eca19fb5a19be0004276aa375f255a3,0.449902826795564,0.3730691593874896,0.0827662168322985,0.0942617969846478
0xb0e7e1d7e3ad1e7c6ce3bad881ed95aea0df7713,0.4171080137553247,0.3048169013586416,0.1919201811113244,0.0861549037747092
0xd2e763a502c36ec1f9335d1aa9ebcafc29eada94,0.4451746816494026,0.3714595194925139,0.0809030198979728,0.1024627789601105
0x2326085e6753be00097d0c2679229441dfbe9635,0.4278053251301829,0.3497132302060477,0.0974287134199559,0.1250527312438135
0x1104ff3b334316a3c0c28a8df6fc937858ba6d5d,0.4794969873559027,0.3913157220859658,0.0845995138940607,0.0445877766640706
0xc8c1c071eaa8792fb1ee0a638bc26c747f4b1764,0.4327853642886092,0.3241555237432252,0.0102347720797319,0.2328243398884336
0x65c85873de311a92e993fe5c857623cc5c4bd55a,0.4885326482705737,0.3977452785408671,0.0115598919158842,0.1021621812726749
0x42fb38c130083ba1976665b7964244d0530f6e3b,0.4659752654042051,0.30705869208538,0.1177970642072317,0.1091689783031831
0x1378b43fd789b6b243f2b81168ad05131791462e,0.4462409706047149,0.3072899998015882,0.1416715360081896,0.104797493585507
0x6e20f1b46d4164d707e8342f941302b2197bbe47,0.483769426100918,0.323940557787278,0.152573141411945,0.0397168746998589
0xad8853c128116a4c91d6d39eb3db39ec4368dcc6,0.4188829762985642,0.3335832698927932,0.1120082323359653,0.1355255214726772
0x33878e070db7f70d2953fe0278cd32adf8104572,0.4033255362292792,0.3059005723578376,0.1123447728172276,0.1784291185956555
0x6ac0c22198d53682277c57a53602dc0e0d95b840,0.4052362737867577,0.3851689959584483,0.0213543658513617,0.1882403644034322
0xc4630b2ac97c0297599db9a6b9a8a8a23856defb,0.4588047101736999,0.3356228612314026,0.100345918220968,0.1052265103739294
0xc6837f9d06d95fa90cf91a6dd6bb8cb51bfcfc59,0.425043712002646,0.3173886206331787,0.0627446168529361,0.194823050511239
0x06a4974834fad8c21ae1edb09b1e7d971478afa6,0.4349041127451193,0.3707812043479498,0.1059119741938143,0.0884027087131164
0x078da083d361b52206b3882fb4bac67f865444ca,0.4583214801979077,0.3798741779004223,0.0687300572756514,0.0930742846260184
0x66d9dfddc3ad45d6383d5b9e9354f60bc9d16a8e,0.4550049367729657,0.3197519796392236,0.0514925201959902,0.1737505633918203
0x821c590817b28f940a04e5d02b5e9a62c5a1772f,0.4438465324780257,0.3302615413336849,0.0333326554235248,0.1925592707647644
0xb3274ec870533044dc8c7808da21ef7588fea262,0.4981482992171385,0.3619484808013289,0.068198545572686,0.0717046744088464
0x2bf034eccebc8cd60dab9c249b6c2996dcb7d8ec,0.429799761608548,0.3914936830811511,0.0609327797719954,0.1177737755383053
0xdacf1065b12849298dc5b47ece9553094000074f,0.4227450511056054,0.3452009492197072,0.0447266480128198,0.1873273516618675
0x32b1b09f43df40897e5677e2d6d0a009ca45ace8,0.4726577116584224,0.3335466770968509,0.185186499938937,0.0086091113057896
0x6672f8789c54b49c596e6e7ca3a72726fc4c400e,0.4462261517194033,0.3236125706874254,0.1699730860970876,0.0601881914960837
0x25d837a43b70f517cb9a437f93d47d3a136970a9,0.4841754445104363,0.3316859228527603,0.0917349856869365,0.0924036469498669
0x86e0d24e94bc2a179111d6a644c0f49855dc5b9a,0.4189941716324288,0.3053012309483649,0.0338050806599898,0.2418995167592164
0xd5a1abd554391a7cdf7d5da035a30200fc554779,0.4654636584231537,0.3662000919928433,0.0047120600340852,0.1636241895499177
0x42f09c7615cff2ef232219fe968b30a446e2ee27,0.4803520316854032,0.341144799325441,0.0679691597841359,0.1105340092050198
0x7bb40e06bf466e224bdbc434a41b4389802e5948,0.423854680672738,0.3643835136852339,0.1212349639304223,0.0905268417116057
0x260b6232edac26f256b4dc52d5ac05dc875f3e58,0.4534321050295157,0.3287947832255033,0.1777282392328293,0.0400448725121516
0x1896cd2c54edc8ab0d6e43c6c7107ac9ea7c8163,0.4378450374816426,0.3146259910486522,0.1187630570130272,0.1287659144566779
0xb9eb8b4cbdadbf0ed7a3e65b10f8a31b4a7671ef,0.4674265677780236,0.3726853548632608,0.0736187497617267,0.0862693275969887
0x4ab1e3bd6746bedf6e66ea732e1fe588507faef5,0.4208767449075208,0.3869826087634064,0.0890220306435245,0.1031186156855482
0xfe377025afdacedcebe925ba463d5dc0ed2de45b,0.4274193371566421,0.3862710354154169,0.157477658206854,0.0288319692210869
0xa88e04c2d42b3be8c77cecae36722d870cee80a9,0.4687100981942516,0.3376366041536658,0.132313013538548,0.0613402841135345
0xb7a16e547edbf284387ae6895588d85b27bdde26,0.4157667414673182,0.3439041885161162,0.144244288689929,0.0960847813266365
0x147d43cea86fa2ea218e378859923aa8e0bddd8d,0.4177082938919453,0.3033327099116741,0.0510245061366478,0.2279344900597326
0x852b8763ecb27beddc190d1792029bc17fd5439a,0.4145698779475105,0.3244514039243433,0.0384918178221003,0.2224869003060458
0x4318cc449b1cbe6d64dd82e16abe58c79e076c2b,0.4377048243092113,0.321436330867869,0.0488412273917678,0.1920176174311517
0x5a4e9bb1f224e8254c1d63e90de34e8572f8dc71,0.4054076313907795,0.3104931289950761,0.075903349381031,0.2081958902331133
0xd3c0c07dafe5bf50caad420503361c017e8edc27,0.4859476902125541,0.3218605527492711,0.0088893588425091,0.1833023981956655
0x77b476429826c5ba77885d08f272d89d8f1ed0e4,0.429699011257497,0.3904542824133228,0.1512178014937127,0.0286289048354675
0x2dacc72a6327e5b384a18ccaf6ea610a24fa174d,0.4693145926686374,0.346460631323798,0.1534978893984915,0.030726886609073
0xb2b327e7258b14f38c0878ad2d42e274a0a4d653,0.4864426511560877,0.3263955243319967,0.092152145868143,0.0950096786437724
0x32ec80abb502dda08b433c2d3d24ef3a69be96ec,0.4123568161261232,0.3131159474062523,0.1162825316874251,0.1582447047801993
0x08ed8c1236df25efd6a1819cb2ab36ddae4f46e5,0.4584627829228992,0.311137472777072,0.114454808178883,0.1159449361211457
0x93201cff3ada1dbb77038ede3fa71e75a1bbeba8,0.4519868619754045,0.3181984801060593,0.0993296976472639,0.1304849602712721
0x1f5127ac29f61588428568932caa0d40bd3d940e,0.4058250434687352,0.3751919601614559,0.1865449444157314,0.0324380519540774
0xd2bc5cb641ae6f7a880c3dd5aee0450b5210be23,0.4476757588127144,0.3976942341059208,0.0340679845936553,0.1205620224877093
0x14ebcec65c50dd3f3e37f1a78c88e858b9f2af67,0.4944499837185114,0.3577271291370479,0.075085006652261,0.0727378804921795
0xe18d2f0c230805cc535eb264d11fffd07d781aa7,0.4840019333197389,0.3126346702322652,0.0970378427279368,0.1063255537200589
0x320d5f7703ac16e79e95d055757b4555a2b7c903,0.4265287846180433,0.3148143961955366,0.2293664381651335,0.0292903810212866
0x1e382a144bf9ed07e64d9b6d7bc57213c0ad9900,0.4011923526284018,0.3853906508592948,0.0147227007512549,0.1986942957610483
0xb0fb5cb37b834a9b6d1df88f909690003a711406,0.4987405399463234,0.3411924129215244,0.1072665025542189,0.0528005445779332
0x703fbd74399f71103604e3c7ea9f54cbb43f718a,0.4617379404327431,0.3809511715294983,0.0494651015530856,0.1078457864846729
0x4aed006c0235312a56da3bce1dab9cae0f3f95a9,0.4562478443499894,0.3226278626073471,0.1351569081382208,0.0859673849044427
0x77b175d193a19378031f4a81393fc0cbd5cf4079,0.4757521126358839,0.3977095922227625,0.0485375306036781,0.0780007645376754
0x7ef7120d7116e77cddbbc70e83db8f1914db5b63,0.4902024193787486,0.3701581460993354,0.0637309447180274,0.0759084898038884
0xb5852bafe547e3a14e76e2d2ecb134fea8dd60d9,0.4891648658554948,0.3979906970267265,0.0662046242234727,0.0466398128943059
0xf39fd6e51aad88f6f4ce6ab8827279cfffb92266,0.4547161999566626,0.3627592760414164,0.1658383332357001,0.0166861907662206
0xe936e8faf4a5655469182a49a505055b71c17604,0.468725854834237,0.3073446082137455,0.0424171567813871,0.1815123801706304
0xc8bf162929af3d8c73d1a8ef58b8a9b084763480,0.4207615620416027,0.3429389989755921,0.2351058997023741,0.0011935392804309
0x6c02ff3a875c1eed933860a9adff4288d41f5dd3,0.4183075932879854,0.3183219480015926,0.1162955747422283,0.1470748839681936
0x4536bbf27aee5915821d790d72a96bf2cd58aaca,0.4912889346193232,0.3214748912236237,0.1775130534548857,0.0097231207021673
0xe51200a4d161935fc311ed8a0401feb1abf20e3a,0.466585485304007,0.3685396420084851,0.0906377393383913,0.0742371333491165
0x456348964c2db1edd67450b920c7e7ab01425c5f,0.4049978082825676,0.3196073686828933,0.1096349646753864,0.1657598583591526
0xb148d8433fef47606a3f7db5beebf9a67edd9542,0.4457765298844208,0.3927856671337978,0.0902730600359861,0.0711647429457953
0x434f5325ddcdbbfcce64be2617c72c4aa33ec3e7,0.4765084406036648,0.3653301877053875,0.0520002005523134,0.1061611711386342
0x17617ef20f525d2e194ea33988c3b497d0f6f4fe,0.457446209157918,0.3448868087325086,0.1591783476446779,0.0384886344648953
0x89c4efdcea57e9a74e94cc15890e9193d8c7a0bb,0.4460689538717914,0.377429293685102,0.0527527692665006,0.1237489831766058
0x970e3868a94e06e604b1705a0238c1331afc276a,0.4600381167718126,0.3017343528777673,0.195314857705023,0.0429126726453969
0xa1facffe2171c76795f751bb96fdb7e6c60a3ffc,0.4010037757032593,0.3553201708247526,0.0554721131891197,0.1882039402828682
0xb1a64cddc6398aa187c67b691b7c5f10828f42f5,0.4662234638166935,0.3884191024558319,0.0331235542862234,0.1122338794412511
0xf208034ea8566224f8b1d161451d05348e0a53c2,0.4751210556300445,0.3409918990873811,0.1715409548001564,0.0123460904824179
0x839551ad5cd3a17061eb11a3fbb6141293eb92a2,0.4348960479724321,0.3546729587746443,0.1089862561188519,0.1014447371340715
0xa775c775feb740d15da78d572a1caccbccc7a0f6,0.4700068918945518,0.3635973135201997,0.1459751378713856,0.0204206567138627
0x68f6f2db8d5d28fb7d837675781c2d391f5f02c0,0.4333794361993213,0.3969260003654503,0.1627892637903145,0.0069052996449138
0x538434a71701b5b834d7684b11e5cc5780cde21c,0.4822095614980026,0.3711557198618036,0.0213164519228178,0.1253182667173759
0xed83f43e646313b3828a552cb31e3990d3dc9753,0.459865882361293,0.35214873722654,0.1751451081010407,0.0128402723111262
0x62fa674c88351866ad3385c265613ec45fed571d,0.4403093005538755,0.353709635829403,0.0507929330247738,0.1551881305919475
0xdc1077fb0e7e7cff87be379b363b418449ed8500,0.4040241967466882,0.3033419882128604,0.1388522640164006,0.1537815510240507
0xd9d035e4771d6178ff47b164b765b8c7158b08da,0.459146644783698,0.3877292236465164,0.0782301733365729,0.0748939582332126
0x941a2f8241aa871ee713833064b0811941883043,0.4270334268355151,0.363555849774695,0.121953448802211,0.0874572745875788
0x3ebf3662d02872f24c3a96fc667666229a20a343,0.4078759469264326,0.3782535766987034,0.1850379589894874,0.0288325173853765
0xd6b972af4af5d410e1c75df1ba1d7681d776caab,0.420862584550949,0.3973895737415043,0.0691122141960228,0.1126356275115238
0x6493630e4b5f17cf2be0683754233d56844b0633,0.4357236826544844,0.3243620310414138,0.1402590439591292,0.0996552423449725
0x87690be28b65f13394741c2c2be5a6bdb0505039,0.4119758427251306,0.3810600631094343,0.0314511675020082,0.1755129266634268
0x329652eedfb5b4f79e83b829b81575831d43dcb5,0.4329842089619461,0.3339878135010272,0.2141959971795727,0.0188319803574538
0x023136e9845063c7733fe7374f40c5f751f7f6a4,0.4361336886430341,0.3319547459092163,0.133046709560601,0.0988648558871486
0x1e8c64fd8f94da1d0e23853118b7f73a7b467209,0.4182697310720302,0.3931200081609208,0.0953222231281291,0.0932880376389197
0x224aba5d489675a7bd3ce07786fada466b46fa0f,0.4194835693976964,0.3776185164182665,0.1809437047673984,0.0219542094166386
0x3006ef6777ccc79c3af305101fe0b3d14bd47b59,0.4848825289489945,0.390786403597858,0.082309948815279,0.0420211186378684
0xfd7bfa756d93dc8dac38c9ecb2ccf5ab599e6899,0.4163685932273289,0.3300764631638702,0.1085232248989418,0.1450317187098591
0x8bb2884ee943111aa5119a36b30085a15a66c972,0.4991684276266092,0.3119931940542288,0.1850785956748718,0.00375978264429
0x076240ea709dcd4fb142f6f05c9326eb59cb2eb8,0.4500324699196954,0.3678961380842128,0.1116217655504117,0.0704496264456801
0x061011f04b8e8c7fbb30632e609ba0aa07421d72,0.4435177795826842,0.3969228994278564,0.1129656933873283,0.0465936276021309
0xbc5b552641e5d203f0a6c230aa9dc14da7450053,0.4712416629637774,0.3481984790625472,0.1288588682648274,0.0517009897088478
0xccf67669586bd9e2e2c3ff14eb72143d4a56c16e,0.4480589217603858,0.3679639445330744,0.0804746842878621,0.1035024494186775
0x747e999e365be31a7df3448d5615a004e558b09a,0.4861116682628096,0.3159367367120885,0.0723904332243369,0.1255611618007649
0x96250ede0d9365ca3bfc67df939aa05b44fe39eb,0.4131221218423626,0.3152245363012799,0.1288847788807723,0.1427685629755851
0x986e92868a27548a31e88f7692e746cd7e86f39a,0.4869609657219427,0.3940568422935008,0.0539939733694828,0.0649882186150736
0xb91bd1b99420ffea6d287103fa11e9a969cc88a7,0.4149336319688693,0.3131719698640355,0.1940397680684959,0.0778546300985992
0xfa483c6f280782714813c484ea05bab55e9f81ad,0.4880131085397863,0.364528467958931,0.1332410740311489,0.0142173494701336
0x9a45b87f12e9bb97d0741b49667e4578f887d4af,0.4850969153730509,0.3741544556349588,0.1046750544184435,0.0360735745735467
0x578be284ba9d6f443fa070c5f9937a6554aab1a1,0.4415181964992421,0.3773606000468708,0.1088580522514273,0.0722631512024597
0xca8d84565a4e5d721ce0bb50f3374e2afc8bba49,0.4249788713765197,0.3441249633713056,0.0803834118401103,0.1505127534120643
0xca0b4fa6acd64026b6695baf0feaf1154d110909,0.4306505126888633,0.3852148871303259,0.1232265779229965,0.0609080222578142
0xc98deb47fd457857327f2e3308b8853599a4bc5d,0.4473022246574703,0.3550778382521834,0.1929004303534362,0.0047195067369101
0xa8a69a507cf45cf07047c4be7731d35dfcc55f63,0.404352742101445,0.3678506198462522,0.1787012350819405,0.0490954029703622
0x1cbbe9fc5520aae025945e23578d488eb5548922,0.4256383234743717,0.3205981966705208,0.2385221482742094,0.0152413315808981
0x5dba530a4f06fbce2865baa35e5ffbb37ad3fd5a,0.4996718436711224,0.3264838307755449,0.1088715804711539,0.0649727450821787
0xc92fae7e59fb249902c93e6977123c9465e3d083,0.4009566147190344,0.3731652889882174,0.0076581174843312,0.2182199788084169
0xb14a817e75945b7ac319063bf04b24bd469dd272,0.4784298327191006,0.3753121249178072,0.1134437833057941,0.032814259057298
0xa4d338186d93a77b5a82ac8253b79050b0058275,0.4006878620323862,0.327012329393833,0.0387668925458689,0.2335329160279118
0x7acfcd700efb046ba9064f2860a6cac3416fd6a9,0.4326079788498705,0.350645834058628,0.1650753003483808,0.0516708867431207
0x13a4575a8e33ab7b1956c48c1b03d048214ca310,0.4841738149365789,0.3607441507150058,0.0679351140437719,0.0871469203046434
0x647753a2e5ededd182affde7b11141ee999f9107,0.4730795491405133,0.3195255467880974,0.0971412324269453,0.1102536716444439
0xe19548089efbb68bee55433c0cd03dc540360269,0.4226849985133508,0.3729578692941233,0.1543924050719399,0.0499647271205858
0xd5a48e1fb49f5b476ccb2b2bb84298817d4bdb0b,0.4525149118176655,0.3730029614778713,0.093661456163164,0.0808206705412991
0xaa3dcae90268e07be651cfd4a2df3fda078571fc,0.4199979930138028,0.3148241207124214,0.1501781454611493,0.1149997408126264
0x7f990adf733fa970e7d23e89ed61a6becc83e4af,0.4250715173031371,0.3905065945429427,0.1188140321655176,0.0656078559884025
0x5d3a0084dcb4cbd7abccfd4cff5f3280d253a8a2,0.403973046959462,0.368963459373661,0.0426685838416881,0.1843949098251888
0xdf26c161c73d4d02d53ad21863df8623db38f1ce,0.484561970430146,0.3354208059567743,0.0913374502646538,0.0886797733484257
0xa8467ff6e714b62b6fa3ec9d666c2b1657a53aaf,0.4898729522082016,0.3896200343666741,0.0395667350280522,0.0809402783970721
0xfd2edf4bed195070a6af7f60662ec2eacf7391b6,0.4627031556941258,0.3482424987736509,0.0889856108877,0.1000687346445232
0xe67c56c3d836c29cc7820ff52f28904503f7ae54,0.4523073473167844,0.3728078981796723,0.0969886014192309,0.0778961530843122
0xd1595177d8cc61a6879a4593022a956e016588b4,0.4285118647256173,0.305189879622866,0.135532138770735,0.1307661168807816
0xe6b6191a7f7033cc41d2df99b628748aed267be5,0.4562742324600169,0.3409241829601875,0.1431435777779928,0.0596580068018027
0xcc449df434d886576202eef7c9ef2aa0948c310b,0.4457100930914088,0.3855074860035504,0.1112830795791189,0.0574993413259217
0xf3e0a7eb1e8fefe4d77ae7e65153a4b9ab7524fc,0.4092019472383259,0.3679277981684252,0.1291387583093228,0.093731496283926
0x4914faf80b6593a8eac644ced7911a6dc9105355,0.4202265628778024,0.3432507663877132,0.1413018804232615,0.0952207903112228
0x5705b28907558887b023b7dae2a2fe8c28aa91f7,0.484127119304535,0.3044849260793592,0.0964502211976859,0.1149377334184198
0xebefe02040c7284a30ade6e52da7e24af6884ffc,0.425033597055619,0.3664435458514037,0.0961466900800089,0.1123761670129682
0x272b0f68c9f518d6dc8bd41240506ca1e7f46c57,0.4646331153207496,0.3574376157817527,0.0896618251480414,0.0882674437494562
0xcca02de5372cb0caac425543487789eef5d17fb5,0.4543768902556014,0.3676525146491957,0.1359261441091551,0.0420444509860478
0x58c58d02323af6659e8d94fe3feb14385503a8f9,0.4292370143261224,0.3160698515720243,0.0657016024712031,0.1889915316306502
0x737f8c9b7c07d13c84275ee0890b592160d1f8a3,0.4357115854476199,0.3300224127428039,0.1578721058657854,0.0763938959437907
0x9b826b0c6a6601b34f2b9f86f4bcff715e68b2eb,0.4143477041913695,0.3713810389945526,0.1630401940098472,0.0512310628042307
0xcf79c7eaec5bdc1a9e32d099c5d6bdf67e4cf6e8,0.4776093157186731,0.3316659928336827,0.1442399685774743,0.0464847228701697
0x11435318c6231f730bb04c651522294021365cfc,0.4763886570679539,0.3681102244600228,0.03498021906123,0.1205208994107932
0x444a6e71d2f0fcb4013f987221bed7be0f6d1eb1,0.4120810722410327,0.3811349878347155,0.1448696633039766,0.0619142766202751
0x577acd60f180802458a75188b74ed186087aa2b6,0.4793398173696244,0.3984956522821073,0.0718790536330546,0.0502854767152136
0x304eb9063fa42bd7841dc7cd6644b12385caa891,0.4606300949686546,0.3568454686202045,0.1135914349582529,0.0689330014528879
0xab6125047f67eee034cc4ec3a1c77ee3e77bff04,0.4822789548416789,0.3174838080814657,0.1055337363979642,0.0947035006788912
0x8bff44bbbeb73e15af02b6ca460c4255fa9291cd,0.4933156599445111,0.3847145535681778,0.1155097666404764,0.0064600198468345
0xc61221100589071804eaf2927ba351706349ce95,0.4230288387858399,0.3250330414526254,0.0511188699161273,0.2008192498454073
0xfb343bd470bc97450470aac23002bcc8d8549911,0.4244989680899271,0.3374068007224274,0.0863914449811544,0.1517027862064909
0x2fee53687906ba239602ed42cceee2ac8a4ada36,0.4614166762245217,0.3907448766942516,0.0925373260738988,0.0553011210073278
0x3a95ac31729140d6ac25c80b90eceec9b929eb9e,0.4036969735988157,0.365349239020607,0.0867196370696536,0.1442341503109235
0x2879da9b66f3bd976ac2d786ad381bb9c07d4003,0.4816967779640932,0.3273164569977598,0.0964430404738529,0.0945437245642939
0x6916683ab95b955bb73caf8bab92700a2469d758,0.4475321298502231,0.317626516726561,0.0842087501083786,0.150632603314837
0x53683bcb9f386823a1e77e5f1720ac633d5d871d,0.4371709950074232,0.3113082924127634,0.1119945383842023,0.139526174195611
0xba230c2295e4cf1a6f35dd4e4fe7437a18652f21,0.49119739424509,0.3364665802777249,0.0320549882662969,0.140281037210888
0x006c4972be1366114fa7b08773fc88b6083d5d18,0.44318039555666,0.3456289739610022,0.0409064944084196,0.1702841360739181
0xcd6b97e773fd588ddf9462dd7e4f9869e120acff,0.4881416536189283,0.3174928957034559,0.0739071963109796,0.120458254366636
0x891e02fd870432b1a8a0091f67fb8c7ca68740ff,0.4629639375922196,0.3554979834590521,0.0992140556223082,0.0823240233264199
0x77d40c87d423efb7ec576e80998a48377adf86df,0.4223945408693053,0.371861160302597,0.0402643967673862,0.1654799020607114
0xb2821c0df0c414ff51d3e8033cba26df6aac587b,0.487201138646045,0.319835930234559,0.1724997675890988,0.0204631635302972
0xfede2257dc043f53a24ac7947218bacfb0013b09,0.4493562558565883,0.3721757370968203,0.0978653702381223,0.0806026368084689
0x5ce15dbcdf9a7c65ef7f31d11ccd49df4ecd860d,0.4956175065309113,0.3546318178542256,0.0728979465799599,0.0768527290349031
0x4888af8f72de3c1b5a1cb1c4f6b802ad7b8e51ff,0.4952128591795661,0.3014165157417422,0.0791865560289361,0.1241840690497554
0x4a9a40b2c44b7d32ecf4e0cc66f5304518ec0a59,0.4718512151553964,0.3097465538550455,0.1214297033794088,0.0969725276101491
0xa3fa5cbf856b10676e7e2ab2dc707a9f848c3af5,0.4782651072585793,0.3686709784014609,0.0258140727440985,0.1272498415958612
0x999e054df3e888a2dd20e678a436128e1bc796cf,0.4499041357732108,0.309770586368374,0.1281112086676526,0.1122140691907625
0x8496767a1252a4981c16456f36316222d415b458,0.4943945868666349,0.338665259611619,0.1558460452345245,0.0110941082872215
0xc31442c950e7151ded79386a506be868f61792ee,0.4897348448126733,0.3979752542599025,0.054137545152051,0.0581523557753731
0x4d3b32abd5c3c6bec64fcb470e996fe843cf15d7,0.4173563461031295,0.3964975160887031,0.0110292264009422,0.175116911407225
0xb7babe35ce543e2cf2f615cb1c792a2025feb572,0.4926055174700828,0.3677637098204919,0.0622401824365856,0.0773905902728395
