ID,candidate_A_preferences,candidate_B_preferences,candidate_C_preferences,candidate_D_preferences
0xbb8743ea733155fe5e81ed285aea72cc19b2ca87,0.8115611797707061,0.0725998042278846,0.0768961099293405,0.0389429060720688
0x049debbad61a20e21e872b06ef4f25be1253c802,0.8723876037482101,0.0265515820118914,0.0538409875796458,0.0472198266602526
0xa481db1ac55683dfb2847c02e417b7e411bcbbea,0.890093712063275,0.0061053559114026,0.035431109551138,0.0683698224741842
0x024bd3d1c3b6ba2277a744d7a99fbade9404a370,0.8607581960075374,0.0363110028823999,0.0520145344454325,0.05091626666463
0xa0b026b4b9e19ff2cbf5afbd9a679d93dedc2242,0.8562028270282945,0.0639014582280521,0.053656585212616,0.0262391295310372
0xfb2069bf55eb844694d8028df74dafe550821ffc,0.7636644116779422,0.0270052213397909,0.155223990334825,0.0541063766474417
0x222cf246a3d56d61030ca49f5e6ffd6c20c3dc4f,0.8149498122397398,0.0976483507873998,0.0050013644357911,0.0824004725370691
0x5658f4b362e95c0bc32d5ce0051457882db92ee5,0.8061555675367836,0.0765525493597584,0.0173990605874265,0.0998928225160314
0x6697aeedc3eadbcfb25962c2045aedf438b4c1f2,0.762561781116265,0.1755526305637688,0.0548930356949362,0.0069925526250298
0x6a7becf86b56fb68c948cb0a9fe9961370079190,0.8983601665635964,0.0051018350463448,0.0397163195374778,0.0568216788525808
0xc8eba9130f40a0ea9be530407e5b4f7199118864,0.7896768004506254,0.0877969906968487,0.1058038503113451,0.0167223585411806
0x6e3556f2c8f29559ed67642a1813b177f1871613,0.8569351809532956,0.0873498820926826,0.0392502674401827,0.016464669513839
0x278a4bd5a8d09bcf11b1052ec3129a7efa75d213,0.8368665251868198,0.0279325034063588,0.0980350768357483,0.037165894571073
0x28ddb1f987f1d433eb82eef644b006741977f456,0.8352226982397879,0.0217464424911952,0.0411626482310957,0.1018682110379211
0xfcbc07905fee2d64025461b8ddb27f77f256827f,0.8088624146722981,0.0349396430139752,0.0826144651683549,0.0735834771453717
0xa587b5aa3ddf49559cde74140456bf65d716f30a,0.8336924718671795,0.0739344630991132,0.0819310619898246,0.0104420030438825
0x6120faa647cd26cd6b2c1df880eff537065c6815,0.8157314822930583,0.089741436056747,0.0293354214927602,0.0651916601574344
0x6d465d2081b799770d0ce7e755d8db1665903ffb,0.7680888897970527,0.0050690210833343,0.1297355293696726,0.0971065597499403
0x3b067af83f540cb827825a6ee5480441a4237e77,0.8165878752904538,0.1135854766301644,0.0097323381656042,0.0600943099137775
0x6a5cce4ac8b280ba789eb2e2bd3895b46133e5d4,0.7473539718809636,0.050563165230063,0.1798267645996603,0.0222560982893129
0x58e39293ec6ce3f4d49c9a44bb76bd3e9b300130,0.7459108806807807,0.0989473917883372,0.0834175713941026,0.0717241561367794
0xc12abc0ce980c0949ec132e01dfa21eeab76b57b,0.7005196927300744,0.0505956149657986,0.1258530987058931,0.1230315935982338
0xcf653e70110315ddb9a11ae4fc36c6716e367a14,0.711078917333711,0.0953929166762126,0.0919908645228564,0.1015373014672199
0x0eafb78d216a4d9ae725d3ef087143808695445c,0.7062320473577269,0.1089915506813219,0.0769018727122537,0.1078745292486973
0x79219e0514a0ed8b495c1bba0180cd12cde40242,0.7041507525671447,0.0024834335981237,0.2819016705266399,0.0114641433080917
0x6897abe0fd62b589260784b21f4ca3f78a0d8017,0.7858141082310572,0.0346058151487685,0.0765981773425169,0.1029818992776573
0x26cee1c87b7910c42ac83a3b617c2932f13b9044,0.8659791199958171,0.0537516012140135,0.019054552953525,0.0612147258366442
0xee8bcf545bf80682b78d99f65742d34166cb0405,0.8834690617802047,0.0516817748027464,0.0610233187883493,0.0038258446286995
0x071903cc9a767a845fcd3ab7373e4d5328522481,0.7173109540409657,0.1460412535549665,0.1034751027649268,0.0331726896391409
0x9b9c0732cfecbd446eec92ba53dec31f2c9d88b1,0.7799435206203198,0.1357532886289173,0.048635571904207,0.0356676188465558
0x4b8aa2db33df252cb0087de8d170d652e92eba02,0.7814193630380087,0.0889357360924852,0.1262923902895024,0.0033525105800036
0x1309df760d05a7e9ba396d9a6f8dd4305c4d25bf,0.8541478270306155,0.0483280838996206,0.0323910938694935,0.0651329952002702
0x1c651c3fedbf95307fb7a3a2fc07bc1e0753e5a9,0.8215889755015165,0.0183761047450409,0.1509789477953423,0.0090559719581001
0x033e64537940e0602e8f27f571d93904c0009486,0.7845317739054517,0.0556955801234291,0.1163868359790069,0.0433858099921122
0x0e272eceadbf50541f0a5c740082f177baf214d4,0.8360172501845027,0.0166877471267377,0.0247143938504055,0.122580608838354
0x74fb4ba94a01b31424b5e1ab0d3ceff0ce6e6530,0.8981143666380266,0.0258113320609152,0.0294454663946949,0.0466288349063632
0x1210ba92eb82cc256213c78f0ef9d5212c7034a9,0.8071935026853824,0.0740702745283513,0.0657049055481815,0.0530313172380847
0x06b3b315cbf8b6f639508911976e2a58f1729e3b,0.8427164238079837,0.0290788830530502,0.0954615155598517,0.0327431775791143
0x4bce1d711ea4e033ad5e7d48d2f63fb24fe4b5e3,0.7961276766901225,0.1198351387678799,0.0626062829143318,0.0214309016276657
0x8242269882cd61de8ac878ac47d2a7432fc7bdee,0.7535986022854751,0.1825839056418863,0.0277886473872555,0.0360288446853829
0x7ee9033aad1d11a80f1c1e8d769feacbc97416db,0.7438161495714772,0.132350345986613,0.0047138387784833,0.1191196656634263
0x2408a5b5a0c0e47cbe8f3b8c92b4361958b371e4,0.7094985713370274,0.2146483925059492,0.0692191773639879,0.0066338587930354
0x6292b5752db4aeb894428296accd3b707fd63b37,0.7681724916032577,0.0707437821968071,0.0826696125550665,0.0784141136448685
0xd0ceca3064bd0f33483885f60ef40a71c125c638,0.7247281789658806,0.1910457853258063,0.0470847247185246,0.0371413109897884
0x1e5e0982e0b81f041f4b2668e8e1f300682b6ffa,0.8902272154903588,0.038275755743745,0.0507643024299598,0.0207327263359363
0x88bde89f94b5e5dd1ef3c054a39961bcbb33bc44,0.8609739681536935,0.0377138487817411,0.0365516151784124,0.0647605678861529
0xe21a9bc92838fedb1f1b7a601f526816f28871c2,0.8095836771843973,0.0547806530679345,0.0632849544767253,0.0723507152709428
0x148d424f74c323d3950a8562760aa76e4c58615b,0.8838540281625216,0.0397837223311102,0.0262919043205555,0.0500703451858126
0x7003849fc9f3c70b5e90619f01522be94a38816f,0.8774085343789968,0.0511595529179153,0.0307906927372425,0.0406412199658453
0x27cdf5ca6cd49abd44fa030decf743b730310443,0.8094329308597469,0.0475070810362807,0.0839116579765157,0.0591483301274566
0xf9278a270d2100ea5e76e8d85ac712b2cb7ec685,0.733992998590899,0.0476755294558841,0.033678697792089,0.1846527741611278
0x9f771f779b88178de06291a2caa8e4bdc56dc184,0.7950658684762381,0.119017774234604,0.0188912002769575,0.0670251570122003
0xdecc4ac78838d0178a418349b8ce6205f3c1905e,0.7202666643582697,0.1575793610323047,0.1137808633738833,0.0083731112355422
0x7137931f8e93928e835ec0946a8b78a8a8887900,0.8508848379472145,0.0506055059362069,0.0514540026841897,0.0470556534323888
0xfeee0f97af25b988e10417b3988e7720772e584a,0.8826498504814604,0.0322687777774169,0.0407117055040395,0.0443696662370831
0x8a79889c80e0e0ae07151acdc4537ffbace553f1,0.8233270126552995,0.0142571245133784,0.1161424901576984,0.0462733726736236
0x0db3c73e0fd8a19f086cfd303fda498f1b0221e3,0.7397577268258592,0.0956241696811492,0.0998269152138177,0.0647911882791738
0x912a7f5845f3fa8de3cb55772a3ba9c40d8e3aaa,0.8690302883692652,0.1138954277512106,0.0020981455488169,0.0149761383307072
0xe3a17b05f01c1b28585ba2341ede238641cf32e7,0.7215085778443211,0.1152629749030176,0.1208014183695015,0.0424270288831597
0x358d930d71fa424ba4fee2a48a2e87fda55993e1,0.8390303451891732,0.0549713480664846,0.036581456369531,0.0694168503748111
0x3e0cf03f718520f30300266dcf4db50ba12d3331,0.8191944871116894,0.1375865046253918,0.0347332524553878,0.0084857558075309
0xb9c62c6b68fa76bb5dad4279074ebdb6d72e3fec,0.739244664370724,0.1202903757913219,0.0803906477395912,0.0600743120983627
0x85524e962b11cb82ea7baf3a00ceff92c6368db2,0.8896809645175121,0.0032642158126452,0.0495912488444443,0.0574635708253983
0x0b04f285b418ac07f12b7f60064d91d88f52c681,0.8145458866404729,0.0602174886007256,0.0680887070405074,0.057147917718294
0x58ba947570d2f9b79882c444170a30827000b33a,0.7384239104720872,0.1658414255755952,0.050763561010476,0.0449711029418414
0x18e2728b00678f886150caac59ce468b7f7a7af9,0.8099596049591758,0.0974222393659117,0.0346094085152163,0.058008747159696
0xc68844831cd4af961eafb5bdffefa4fe698b70a2,0.7165608704963898,0.1166102184841886,0.1076758611266019,0.0591530498928195
0x8b9c66ff418aaddae7974ea006859e8ba8374aa3,0.77329333370679,0.1473717484268674,0.0149960143056244,0.0643389035607181
0x3e31155a1c17c9f85e74828447aec412090a4622,0.8167546995859244,0.1178540668853379,0.0364639751270335,0.0289272584017041
0x01d517d706494ee4b01cbc8c699b529cd150edea,0.8147835865461177,0.0444443739176012,0.1062404898886895,0.0345315496475915
0xb6b774dcbd3091fd2a0423a201791d07700c25ef,0.8046352012111299,0.0463013759562201,0.0777434698853027,0.0713199529473472
0x560fbf887a1c98ae68ce71f018772d771d067781,0.8907848546138909,0.0411437287580324,0.0391105862202093,0.0289608304078673
0xa770a33cbf2e97a0eaed41afabddb997661cc24a,0.8926373196567552,0.0332516580804416,0.0375196201210148,0.0365914021417882
0x09e083c5653172131e1eef9a92e1eef64d86b154,0.8539143874793904,0.040305630906133,0.052041154638844,0.0537388269756324
0x336f3ca6cad963a70b8b64fade48c39a8de03b44,0.8489945591346658,0.0538218630359585,0.0562584373962661,0.0409251404331095
0xd26cf287da6ae872dd14a0151e2ee30a465990e8,0.8621955100511481,0.0601145484351465,0.0198753099915413,0.057814631522164
0x35b2a533f02234342d9352fb9fbc1ee0c1703198,0.8668354135494876,0.0367703864913086,0.0294350121239117,0.066959187835292
0xbbc9368898422cc9ffabef8ea66210d3d011512f,0.8662898348554456,0.0596743318051567,0.0066405468135557,0.0673952865258419
0x78390edbd4d560bcb3531d885058012041de24cb,0.8082656963840323,0.0963862177703804,0.0949503198742694,0.0003977659713178
0xba0e393d0d47ae81a22f27d68bac043bb64ddb31,0.8224187763995076,0.064305225837458,0.032117276852513,0.0811587209105212
0x72f2c4dd290d1c08d5763c812028655cbde3fb53,0.8965446195040642,0.0826551364067533,0.0003074758491696,0.0204927682400128
0xb13a55d8512aec4bf7b15067d733c4c3c68f2439,0.8820281634238163,0.0676634588238358,0.047973471055864,0.0023349066964837
0xb78d439ba83baced629310207a215900e02d84a4,0.7994278329839716,0.0644451159542263,0.0226443175175219,0.1134827335442801
0xeaa24cde31a65ac72dff0ea673735d70625cf78a,0.7951396317966799,0.0967073458299783,0.0543356006504275,0.0538174217229142
0xfc0bbfe1e6391ad733b0016d41e50cfa2725717e,0.8563132933293929,0.0504243092617822,0.0008855391180449,0.0923768582907799
0xd3dbe133af71345a9a69894db354161ea7f441e9,0.8124746428741283,0.0330714763682301,0.0399711288392837,0.1144827519183578
0x4f766bfd800e0ff3260635fdd5fe8cfb666828d1,0.8466579252546116,0.0750473829305295,0.024857154875622,0.0534375369392368
0xc9d94be541ef24cd2e402dd5f6d15676d08474f7,0.8039181800118801,0.0204217634437169,0.089601472143035,0.0860585844013679
0xe64063c7688db1ac863d0daa3dbca41ab4e6b465,0.7748590922514473,0.1779601827685626,0.0210186548719235,0.0261620701080665
0x4ff9371b4db3f0771e34f6cf4bd33312bc993e0a,0.7058160091407863,0.0103402544142093,0.2254770066239219,0.0583667298210822
0xb41ce218c36c7d95059bb21f82a6a720546cef29,0.7846908622362877,0.0692072720662342,0.0903850817307602,0.0557167839667177
0x51bef0ecac2dbbbbeff5c39d02e4ac49995185f1,0.8077375181977555,0.1069024902867086,0.0389285112547167,0.046431480260819
0x0230b092ff54c1c7f17da5daa598117abe3e5715,0.8998213853464172,0.0493362174122452,0.0380227807416045,0.012819616499733
0x0ce681173619e2599713ccc1c18779d6109671f1,0.7553264917162308,0.0943839281549122,0.1352283028410476,0.0150612772878093
0x18c5a9d555d197c9c42e63ca646716efdc20c676,0.8707612536430935,0.0522717024118866,0.0365253267719632,0.0404417171730566
0x0e950e75b652878e6a3d3ecb6e5797452a918a05,0.7491857550736278,0.0901689800910265,0.0703382828497385,0.0903069819856071
0xd6c197afb2d3f0c2549bb542b49ed089faca780f,0.8828061857104731,0.0276973564486938,0.0543677887983039,0.0351286690425291
0xcd8e1e3a577049f4e138db9f46a46a7e7bf3535d,0.8744484000977368,0.0327624949446489,0.0528386240824752,0.0399504808751389
0x325173bc8c0f68ea1384de0377786ea3284cf2fb,0.8153433735346409,0.1050706607836202,0.0769459310875652,0.0026400345941735
0xe9cc651f1cfaf869b88e8ba945c15e1d9c609ab5,0.7900783865192536,0.0493224489424833,0.1140986998688762,0.0465004646693868
0x82f9be60fc43ce39bbe40df22039380935ff58c8,0.790698360934527,0.0108118259982708,0.1481343952241653,0.0503554178430368
0x47f793e8af738f4b61d7e2d207c6d29c713d1a84,0.7178925193669784,0.0803789576054886,0.0995806143900717,0.1021479086374611
0x4a16fc2d0826b50bbba9f4a1729f2e56cfca509d,0.8765511996596527,0.0242213255899829,0.0854963017827872,0.0137311729675771
0x0b96b6344b2a8d00b610992d0e6afb90c24bcfa3,0.8446137400922396,0.0654754142887892,0.0500422622906401,0.039868583328331
0x91ab8278d8e018b79657c9c0d9abc876be4f9787,0.7554169326137935,0.1263138518922036,0.002245469367857,0.1160237461261457
0x3e13da66f07b4b51f6496d4c6a7eeda50416692a,0.8211349933175937,0.0483969881980262,0.0972571029610048,0.0332109155233752
0x4fbfadf58cf32e7c616ed09d74318fe30c7071d4,0.8247209416951741,0.0072320897915222,0.0870282881554533,0.0810186803578503
0x6100c2ec0b1a0800dd246a7c6a922c21252be392,0.8517546888713748,0.0480612217046933,0.0220188463409967,0.078165243082935
0xb2523a5a54813ff3acfef0b00f442a4ebba06ace,0.8142258691457025,0.0955924837772372,0.0880876224439556,0.0020940246331046
0x4c5b9006ac613ed4805f38b460c85484231f5ee4,0.793164566897262,0.0196622378319437,0.1028950614419428,0.0842781338288513
0x7cdacc2e58c4daf29ab871958a714ef7398fa368,0.7595534495295646,0.0265605554743423,0.11397336451737,0.099912630478723
0x9ccebdb9c9871b0b8c18fe43f90760c83060bfba,0.7896951244701766,0.1176496361899984,0.0299776047532123,0.0626776345866125
0x0e5c4c325ba0cf3ebc82f0b15c318d6620e896a7,0.7074393795877103,0.0188926890202672,0.1138761634480919,0.1597917679439304
0xfe161714d95ff338482b0200c2857cfa5e77a789,0.765200573875385,0.0702318832457318,0.0855440848549305,0.0790234580239526
0x0cb0f554a2e8a5b7b5634f37840b037214925815,0.8658108670168982,0.0063554320018764,0.1056520828872409,0.0221816180939844
0x45a337477fe38793d90db641eecf8c5c624f062a,0.7124609654946003,0.0416601652525916,0.1209383329154309,0.1249405363373772
0x11b064a8ac721ee4a706c07128433548b8d2151b,0.7138346631174343,0.0363446473099473,0.0016564089474264,0.2481642806251919
0x8498ff79c6bb9e32ce2fd07b542a84173946e50c,0.7489520962301324,0.1634227341489028,0.0544357440378588,0.0331894255831059
0x955cf0ccbcedcfc85fa0796cc776354b46a10fbb,0.7654660946916559,0.0231399891575685,0.1119140621298721,0.0994798540209033
0xcf2b46eec11927951aba257ed877786924fa28e6,0.8304065539590513,0.0071152263245309,0.0963396469156828,0.0661385728007348
0x1f2b12286864d5439500400b3609c659fb3c665a,0.787768212701131,0.0511999749760272,0.032207613749514,0.1288241985733277
0x7d1f3ed0d2e42809779255846cf0a1b1eb8a21d2,0.8174847007538741,0.1184828531330708,0.0393462425793526,0.0246862035337023
0xef8347476de8dca8639af6f065e96361cd656a3c,0.7664108596414411,0.0808498049794947,0.0380477959277788,0.1146915394512853
0xb2d60143097b4f992bfbe955a22dbb2acd9a8eab,0.7608748629870921,0.0431139872030744,0.0666909948670085,0.1293201549428249
0x1a95a5815fb8d1e581811725e45fd70ff02839bc,0.8642623669182643,0.015417144549609,0.049531318144761,0.0707891703873655
0xd1a317989c846e42f64128daebd975f857068a8c,0.7782180586458726,0.0984937127716197,0.0997458301145112,0.0235423984679964
0x579955b31fbdbff16a9760d5f5e869ba36431e2d,0.8030162035096906,0.0424414661507488,0.0838164192478181,0.0707259110917424
0xc710f3da5ea5ae7b060166942185458c60c0434f,0.7319006554153477,0.0514568633091574,0.0769625644291738,0.1396799168463211
0x826ab98b58cf43c30644fae1221dd641ec04811b,0.8365506652119392,0.1033834745271118,0.0055539930010097,0.0545118672599392
0x0a412418c71c80a882ca276acdd85e8be791857d,0.8598512759605039,0.0323449907231778,0.0617481941275757,0.0460555391887424
0xc210c735b22ba9ca5254ce0f028a01e335e86e33,0.727555289538884,0.0895625392193824,0.068981777555642,0.1139003936860915
0x7e1f8358943580724290277167b86ab4734752fe,0.7946874036056066,0.0848328547212042,0.0065265960123499,0.1139531456608392
0x0a23aaa56d700701b69580f574d35850a4127bd9,0.8301461113014102,0.058419734108394,0.0216878798937706,0.089746274696425
0x75b41d90281f8dcc624067763d7281e3086acae9,0.7150917425462877,0.1337226666200857,0.1100814587372944,0.0411041320963321
0xbda4446d94d907fee2f6b7846a0320045a2e9949,0.7379792624589708,0.1473565932670665,0.042811462977616,0.0718526812963465
0x1f7972a40f8129a311e6c6a089f87347adc0e244,0.7158391528259977,0.119552307743963,0.1132926696701178,0.0513158697599213
0xc02b76a3724eb40742e195b9d0852d7068d806ba,0.7983380238543095,0.042105195283673,0.0722477030293415,0.0873090778326758
0xa39b12ccbd66c3b4624d7eda1ac0a3a8ae830bc0,0.7653920867635937,0.0942423605517995,0.0418890518958743,0.0984765007887324
0xb617f96eca626ff094169ac160452c082af23284,0.8033370717802246,0.1025326326369233,0.0151632985341977,0.0789669970486542
0x0afbea5597875c33047ab0004575f636e652c49e,0.8434554640751314,0.1079839057513577,0.0426430208781425,0.0059176092953682
0x88244475fbda5a3dc68e505689f5d2caeed1fc91,0.7558280591330315,0.1469587907368961,0.0506010733158929,0.0466120768141794
0xb2de5bfbfa82101c05be100b35b144b2957936e3,0.8210292721884042,0.0675371679408571,0.015358655916406,0.0960749039543326
0xfe30968b465f7218a633815188170b01298d76e5,0.7802302244056906,0.0842576249359097,0.1053238871910828,0.0301882634673168
0x4daa278b8f90b86fb70859051911003790f4de57,0.8830239845298877,0.0266566093523806,0.0493396246692987,0.0409797814484329
0x9ba961989dd6609ed091f512be947118c40f2291,0.7828065444193286,0.0109813484840003,0.1813223538422374,0.0248897532544335
0x44a60575bafadbf1471d628e7a8bdad64e2e7d5f,0.7163250355697556,0.0447282357821833,0.1065611061238239,0.1323856225242371
0x89ff8e27b92c3cf36bef6580d11e1921ea6fa93e,0.7855865135532952,0.102676606811745,0.0094871670527684,0.1022497125821913
0x64126292849b237fc3e18a81d23a3d0e4fa9e076,0.7616265771189263,0.1164725739096553,0.1196156949762738,0.0022851539951445
0x27a887bf8451c6da18ba34b548a31b6158b9b911,0.8650036772305212,0.011964877907815,0.0498968475668175,0.0731345972948462
0xb9ac581718457ec635fdfb502a7c2094cc5066d1,0.7478791357374639,0.0500657013379176,0.1082579997250103,0.0937971631996081
0x22358b377c4ae6a5ed9d584ed94a1458af6d32bc,0.88445957115161,0.0207490254076648,0.0124708943520184,0.0823205090887067
0x2be3ff0c9ecfaa1258b2a389a44710417cf32687,0.7198782395565878,0.2602759981169152,0.0123823115085551,0.0074634508179417
0x3fa226fd1a10bc11d51ccf93d79638ca28e67470,0.753047016466538,0.1167221006195787,0.0885906678353793,0.0416402150785039
0xdc56eabdb4213c8ce1c86a4806e94d286d2ca4e6,0.7565885131233765,0.1399046170820031,0.0260928362670066,0.0774140335276137
0x270de0ae1bef06d1de5cdbdcf411357f5784ed2e,0.8872461438887602,0.0067500825883278,0.0986179076888534,0.0073858658340584
0x161447bb4c05d96eb1c7bf91500baf41c9929682,0.7479840164299771,0.1099465255352271,0.005312295930997,0.1367571621037986
0xfcfb906c19b4fccf6e958fb36dff6486e9f259c5,0.8757774535120492,0.0003265546200083,0.0647471990502872,0.0591487928176552
0xb0df3d82e4c844afa65b0bef52c340e9cd9660f8,0.8682154565714207,0.0342866381186651,0.0513218506321413,0.0461760546777726
0x5f2e410e0d06e2dd8d3867e6eb5a0dd660cbec01,0.8560070690912729,0.0854171875808575,0.0464798927673052,0.0120958505605643
0x536299a4fcf0d1d492596c2c816fc20f3f7ec557,0.7380405977807266,0.0964927313630477,0.0838767373732426,0.081589933482983
0x30518e38c70a5f686b38eedad342aa2c943d7c6b,0.7080205744065562,0.036559667848418,0.0548490480655435,0.2005707096794822
0xdee4fbf0b62febe20000826eaeb939e2cc7876b4,0.7877606936578498,0.0417783035849672,0.066648937513538,0.1038120652436449
0x2f526aaba4d27eedc11564eb2113c803b76d5f80,0.7158329320244075,0.0625032858500039,0.1221236442516506,0.0995401378739379
0x4be1a00747fb56b44a62eba5b23c2f3e8018c783,0.7664196748660195,0.1083731575692375,0.0502984583440183,0.0749087092207245
0x299b960a7c82635dcbf5342a032a38003709d7df,0.8992420147834628,0.0452803961765119,0.0026280904792363,0.0528494985607889
0x9efcbd3f929aa8f6de2dfda63e97e85cc4758ada,0.8247809115521738,0.0805764658884175,0.0883810302222581,0.0062615923371504
0x7581b02ab484aa73e1351fd455b740bc06503d71,0.89380161530157,0.0323893338992827,0.0146497283232865,0.0591593224758606
0xf5616bd7d99083f59191bd888b2535069202162e,0.87864404253308,0.0534616120670918,0.0671169076212335,0.0007774377785945
0x5aae22f14eca19fb5a19be0004276aa375f255a3,0.8269933958454444,0.0569027504278541,0.0525509969509505,0.0635528567757509
0xb0e7e1d7e3ad1e7c6ce3bad881ed95aea0df7713,0.7540069646123697,0.0774428595651268,0.136272458375407,0.0322777174470964
0xd2e763a502c36ec1f9335d1aa9ebcafc29eada94,0.756042573238848,0.0084361763131383,0.1978614902677066,0.0376597601803069
0x2326085e6753be00097d0c2679229441dfbe9635,0.7912438805605152,0.0548657474555827,0.059399496977297,0.0944908750066049
0x1104ff3b334316a3c0c28a8df6fc937858ba6d5d,0.8507941387996167,0.0383309718950825,0.0382064047319902,0.0726684845733104
0xc8c1c071eaa8792fb1ee0a638bc26c747f4b1764,0.8033894689459703,0.078012304297176,0.0812441773940763,0.0373540493627773
0x65c85873de311a92e993fe5c857623cc5c4bd55a,0.8411017031892944,0.0286017130587945,0.017769457002239,0.1125271267496719
0x42fb38c130083ba1976665b7964244d0530f6e3b,0.7625641500277046,0.1446144586399946,0.0682482550052857,0.024573136327015
0x1378b43fd789b6b243f2b81168ad05131791462e,0.7413266314625496,0.1530247838773663,0.0766619543997908,0.0289866302602932
0x6e20f1b46d4164d707e8342f941302b2197bbe47,0.8101685406731254,0.0724753990005703,0.0600383327547427,0.0573177275715615
0xad8853c128116a4c91d6d39eb3db39ec4368dcc6,0.8346186056378102,0.0555009812151421,0.0293937131738962,0.0804866999731514
0x33878e070db7f70d2953fe0278cd32adf8104572,0.7046999299775829,0.1894189982585299,0.0465003731564917,0.0593806986073954
0x6ac0c22198d53682277c57a53602dc0e0d95b840,0.7509198562222599,0.1074106569201319,0.0431992272354507,0.0984702596221574
0xc4630b2ac97c0297599db9a6b9a8a8a23856defb,0.798142519306596,0.0571808807973514,0.0905069832727851,0.0541696166232674
0xc6837f9d06d95fa90cf91a6dd6bb8cb51bfcfc59,0.8690556056017252,0.0371865420670416,0.0595928219196091,0.034165030411624
0x06a4974834fad8c21ae1edb09b1e7d971478afa6,0.773491891965024,0.0865008817073939,0.1007732044934318,0.0392340218341502
0x078da083d361b52206b3882fb4bac67f865444ca,0.8796465261187939,0.0519752964108413,0.0213539272260527,0.047024250244312
0x66d9dfddc3ad45d6383d5b9e9354f60bc9d16a8e,0.8167929842809587,0.0637107565674524,0.0656186592313719,0.0538775999202168
0x821c590817b28f940a04e5d02b5e9a62c5a1772f,0.821296711547592,0.0561708342258269,0.0338242450487872,0.0887082091777937
0xb3274ec870533044dc8c7808da21ef7588fea262,0.7546530934346765,0.0711421702018935,0.0713398539058051,0.1028648824576248
0x2bf034eccebc8cd60dab9c249b6c2996dcb7d8ec,0.8013579813916774,0.1324608725157734,0.0010794978036353,0.0651016482889138
0xdacf1065b12849298dc5b47ece9553094000074f,0.7975466762586508,0.012286003594511,0.1207451223157442,0.0694221978310938
0x32b1b09f43df40897e5677e2d6d0a009ca45ace8,0.8589271809641211,0.0503843762700856,0.0098195605109944,0.0808688822547987
0x6672f8789c54b49c596e6e7ca3a72726fc4c400e,0.7515440627235438,0.1866443319769917,0.0506448543962329,0.0111667509032315
0x25d837a43b70f517cb9a437f93d47d3a136970a9,0.7612312023844766,0.0745670537190696,0.0997953998213045,0.0644063440751491
0x86e0d24e94bc2a179111d6a644c0f49855dc5b9a,0.7204993343794269,0.1561748418047004,0.0114778855711624,0.1118479382447101
0xd5a1abd554391a7cdf7d5da035a30200fc554779,0.8055372922885281,0.070472085084349,0.0619517901601945,0.0620388324669283
0x42f09c7615cff2ef232219fe968b30a446e2ee27,0.7656542637394317,0.0031844517920905,0.1936579979803028,0.0375032864881749
0x7bb40e06bf466e224bdbc434a41b4389802e5948,0.7114612396808899,0.0446860706530779,0.0627699099298399,0.1810827797361922
0x260b6232edac26f256b4dc52d5ac05dc875f3e58,0.7153795836725282,0.1430696372608293,0.1182144952167622,0.0233362838498801
0x1896cd2c54edc8ab0d6e43c6c7107ac9ea7c8163,0.8429072603871713,0.0641908871469748,0.0409129179670884,0.0519889344987653
0xb9eb8b4cbdadbf0ed7a3e65b10f8a31b4a7671ef,0.8374159450550896,0.0810435327945306,0.0551960503230129,0.0263444718273667
0x4ab1e3bd6746bedf6e66ea732e1fe588507faef5,0.7116598403488964,0.1108708105886639,0.0159994854160629,0.1614698636463767
0xfe377025afdacedcebe925ba463d5dc0ed2de45b,0.8546953199811895,0.1052859217745861,0.0131224070180856,0.0268963512261386
0xa88e04c2d42b3be8c77cecae36722d870cee80a9,0.768116946350002,0.0565664614126872,0.0706461864291536,0.104670405808157
0xb7a16e547edbf284387ae6895588d85b27bdde26,0.790216371206293,0.0005712523672907,0.1557639703155854,0.0534484061108308
0x147d43cea86fa2ea218e378859923aa8e0bddd8d,0.794091257553973,0.0213337367087591,0.1746972038414597,0.009877801895808
0x852b8763ecb27beddc190d1792029bc17fd5439a,0.8022698660852281,0.0640795269311608,0.0433616016652177,0.0902890053183932
0x4318cc449b1cbe6d64dd82e16abe58c79e076c2b,0.8871166640122159,0.0201816448421796,0.0635308455641079,0.0291708455814964
0x5a4e9bb1f224e8254c1d63e90de34e8572f8dc71,0.8649443801775751,0.0233220118036404,0.0477758992913953,0.0639577087273891
0xd3c0c07dafe5bf50caad420503361c017e8edc27,0.8850292936425536,0.030650488201379,0.0368541332275281,0.0474660849285392
0x77b476429826c5ba77885d08f272d89d8f1ed0e4,0.7880301811595434,0.0615182394751013,0.0375684347926177,0.1128831445727375
0x2dacc72a6327e5b384a18ccaf6ea610a24fa174d,0.8454114723835976,0.0391651310406724,0.0592259310132128,0.0561974655625171
0xb2b327e7258b14f38c0878ad2d42e274a0a4d653,0.8929794682285881,0.0276057055942401,0.004125674899628,0.0752891512775436
0x32ec80abb502dda08b433c2d3d24ef3a69be96ec,0.8058706414941832,0.054542220901716,0.0753360038438196,0.0642511337602811
0x08ed8c1236df25efd6a1819cb2ab36ddae4f46e5,0.7177062031390491,0.031004107824868,0.2476290853492106,0.0036606036868721
0x93201cff3ada1dbb77038ede3fa71e75a1bbeba8,0.7715421024337323,0.1113005265238052,0.0877662786018025,0.0293910924406598
0x1f5127ac29f61588428568932caa0d40bd3d940e,0.7538280269497516,0.0859664011574553,0.0359463875988877,0.1242591842939054
0xd2bc5cb641ae6f7a880c3dd5aee0450b5210be23,0.8240415691826304,0.1041547225605804,0.0139089914389241,0.0578947168178649
0x14ebcec65c50dd3f3e37f1a78c88e858b9f2af67,0.8685367615097163,0.0577130426073687,0.0088753213339164,0.0648748745489985
0xe18d2f0c230805cc535eb264d11fffd07d781aa7,0.7870875016736512,0.1024483983863444,0.0185854916590885,0.0918786082809159
0x320d5f7703ac16e79e95d055757b4555a2b7c903,0.822597903275767,0.0727816174528092,0.0495321565208918,0.055088322750532
0x1e382a144bf9ed07e64d9b6d7bc57213c0ad9900,0.8428985238498335,0.0347243310189055,0.0563321151992599,0.066045029932001
0xb0fb5cb37b834a9b6d1df88f909690003a711406,0.8208294953993294,0.0988284850456663,0.0362259881990644,0.0441160313559399
0x703fbd74399f71103604e3c7ea9f54cbb43f718a,0.8576404565252854,0.0517866749449924,0.0786787907466591,0.0118940777830629
0x4aed006c0235312a56da3bce1dab9cae0f3f95a9,0.7659842326649252,0.1032282972488179,0.0122442720665645,0.1185431980196923
0x77b175d193a19378031f4a81393fc0cbd5cf4079,0.8352282354262451,0.0116745037780101,0.023885068686721,0.1292121921090236
0x7ef7120d7116e77cddbbc70e83db8f1914db5b63,0.7492400870942421,0.0569722092328427,0.1801551562539028,0.0136325474190123
0xb5852bafe547e3a14e76e2d2ecb134fea8dd60d9,0.7138799007749218,0.0713848231153954,0.1708702270162816,0.0438650490934011
0xf39fd6e51aad88f6f4ce6ab8827279cfffb92266,0.7210845131203343,0.1247663066692169,0.0653125139448932,0.0888366662655555
0xe936e8faf4a5655469182a49a505055b71c17604,0.887060474791019,0.0341239585458357,0.0364067315884732,0.0424088350746719
0xc8bf162929af3d8c73d1a8ef58b8a9b084763480,0.7365655463254037,0.1639253756737095,0.0565911377549575,0.0429179402459292
0x6c02ff3a875c1eed933860a9adff4288d41f5dd3,0.7177316851307666,0.1463351887039785,0.0823700785934655,0.0535630475717894
0x4536bbf27aee5915821d790d72a96bf2cd58aaca,0.8219874869100134,0.0761076333932833,0.0592617292738278,0.0426431504228753
0xe51200a4d161935fc311ed8a0401feb1abf20e3a,0.8299829606987184,0.0631517081333577,0.0639671542937701,0.0428981768741537
0x456348964c2db1edd67450b920c7e7ab01425c5f,0.815980812106639,0.0854757618836916,0.0021230553855372,0.0964203706241321
0xb148d8433fef47606a3f7db5beebf9a67edd9542,0.7860170110368325,0.0848170342586344,0.071372630939057,0.0577933237654759
0x434f5325ddcdbbfcce64be2617c72c4aa33ec3e7,0.8132598978818877,0.1100584076708981,0.0082919218377903,0.0683897726094238
0x17617ef20f525d2e194ea33988c3b497d0f6f4fe,0.7723099848631368,0.0758659276156742,0.1053502269686188,0.04647386055257
0x89c4efdcea57e9a74e94cc15890e9193d8c7a0bb,0.7400523873947711,0.0839711388066673,0.041570121384915,0.1344063524136465
0x970e3868a94e06e604b1705a0238c1331afc276a,0.7350497056312304,0.1110241526534082,0.0849547283530159,0.0689714133623454
0xa1facffe2171c76795f751bb96fdb7e6c60a3ffc,0.785268079327115,0.0407493655927104,0.1362310239551081,0.0377515311250664
0xb1a64cddc6398aa187c67b691b7c5f10828f42f5,0.843246319396154,0.0470750364842855,0.0527820212940071,0.0568966228255532
0xf208034ea8566224f8b1d161451d05348e0a53c2,0.7961530644789623,0.0026228184374136,0.0806218034218377,0.1206023136617863
0x839551ad5cd3a17061eb11a3fbb6141293eb92a2,0.7948663827230179,0.0584124647890426,0.018727294939885,0.1279938575480544
0xa775c775feb740d15da78d572a1caccbccc7a0f6,0.7140432342236275,0.1519013543042953,0.0265345791234112,0.1075208323486658
0x68f6f2db8d5d28fb7d837675781c2d391f5f02c0,0.7681114057083965,0.0692772083670474,0.0920176315396986,0.0705937543848574
0x538434a71701b5b834d7684b11e5cc5780cde21c,0.8446258328815016,0.083294347742032,0.0325781378687869,0.0395016815076793
0xed83f43e646313b3828a552cb31e3990d3dc9753,0.8141002567146404,0.0593407540856778,0.0631521316342526,0.0634068575654291
0x62fa674c88351866ad3385c265613ec45fed571d,0.8294069772525668,0.0834283547095122,0.0566901510833782,0.0304745169545426
0xdc1077fb0e7e7cff87be379b363b418449ed8500,0.7734833308986329,0.0999104252722213,0.1028189901205796,0.0237872537085662
0xd9d035e4771d6178ff47b164b765b8c7158b08da,0.8031987309816875,0.155902828666149,0.0334559232832337,0.0074425170689296
0x941a2f8241aa871ee713833064b0811941883043,0.853776835619797,0.0296238957170726,0.1065012974998512,0.0100979711632791
0x3ebf3662d02872f24c3a96fc667666229a20a343,0.7820953206757604,0.1151917135277975,0.0666314232026088,0.0360815425938332
0xd6b972af4af5d410e1c75df1ba1d7681d776caab,0.7834440666424989,0.0409831973110529,0.1511509048448405,0.0244218312016076
0x6493630e4b5f17cf2be0683754233d56844b0633,0.8843163569422711,0.0463320471543732,0.0150964602229017,0.0542551356804539
0x87690be28b65f13394741c2c2be5a6bdb0505039,0.871617131893131,0.0117889796590267,0.0756202753490775,0.0409736130987647
0x329652eedfb5b4f79e83b829b81575831d43dcb5,0.7727121125697012,0.1065020202422881,0.1171966771022251,0.0035891900857855
0x023136e9845063c7733fe7374f40c5f751f7f6a4,0.8383328639972469,0.0571721662075874,0.0534715860502158,0.0510233837449497
0x1e8c64fd8f94da1d0e23853118b7f73a7b467209,0.7424503753080479,0.0781895288355707,0.0134966900716919,0.1658634057846893
0x224aba5d489675a7bd3ce07786fada466b46fa0f,0.8846621532082243,0.0700188986772892,0.0351172386239407,0.0102017094905457
0x3006ef6777ccc79c3af305101fe0b3d14bd47b59,0.8641081085288316,0.027983835224055,0.0061652772993954,0.1017427789477179
0xfd7bfa756d93dc8dac38c9ecb2ccf5ab599e6899,0.803749892206496,0.1472284040966216,0.0066608832309154,0.0423608204659669
0x8bb2884ee943111aa5119a36b30085a15a66c972,0.8195979426096106,0.027632739030929,0.1050272143220859,0.0477421040373744
0x076240ea709dcd4fb142f6f05c9326eb59cb2eb8,0.7706129288145885,0.0815556010873118,0.086322248123252,0.0615092219748475
0x061011f04b8e8c7fbb30632e609ba0aa07421d72,0.7893675935835076,0.1259575861664295,0.067590815605164,0.0170840046448988
0xbc5b552641e5d203f0a6c230aa9dc14da7450053,0.7455530904137618,0.1177730109558753,0.0912093943683797,0.045464504261983
0xccf67669586bd9e2e2c3ff14eb72143d4a56c16e,0.8316888472901255,0.0341239976682982,0.11944772256512,0.0147394324764561
0x747e999e365be31a7df3448d5615a004e558b09a,0.7688854811459302,0.1180957529684136,0.0052206569263116,0.1077981089593444
0x96250ede0d9365ca3bfc67df939aa05b44fe39eb,0.812514316147781,0.0322849824245866,0.1226625217183661,0.0325381797092661
0x986e92868a27548a31e88f7692e746cd7e86f39a,0.7861819000031156,0.0658637466816704,0.0932878849971188,0.0546664683180951
0xb91bd1b99420ffea6d287103fa11e9a969cc88a7,0.8924683385417153,0.0529392342252596,0.0037770064291008,0.0508154208039242
0xfa483c6f280782714813c484ea05bab55e9f81ad,0.7913689658190586,0.0755077358178348,0.0145007682556222,0.1186225301074843
0x9a45b87f12e9bb97d0741b49667e4578f887d4af,0.7029315251437619,0.0201840886364989,0.2258278096360738,0.0510565765836653
0x578be284ba9d6f443fa070c5f9937a6554aab1a1,0.7698576712247414,0.0800868930790497,0.1342782664586253,0.0157771692375834
0xca8d84565a4e5d721ce0bb50f3374e2afc8bba49,0.8680152545814208,0.0310775709347111,0.0508925823088009,0.0500145921750671
0xca0b4fa6acd64026b6695baf0feaf1154d110909,0.8891779164087945,0.0451191775101185,0.0300760938350292,0.0356268122460576
0xc98deb47fd457857327f2e3308b8853599a4bc5d,0.8692925256488674,0.0243541657753234,0.0435388789821487,0.0628144295936604
0xa8a69a507cf45cf07047c4be7731d35dfcc55f63,0.8980992177209826,0.0187905736347426,0.037522189613005,0.0455880190312697
0x1cbbe9fc5520aae025945e23578d488eb5548922,0.7358463915345621,0.1661861338240431,0.0961741659172489,0.0017933087241457
0x5dba530a4f06fbce2865baa35e5ffbb37ad3fd5a,0.7600771045542473,0.087103860705266,0.0636098000858744,0.0892092346546123
0xc92fae7e59fb249902c93e6977123c9465e3d083,0.8926844779384335,0.014986036966274,0.0766295383349396,0.0156999467603528
0xb14a817e75945b7ac319063bf04b24bd469dd272,0.8336172877254059,0.0845227779510203,0.0470052016497984,0.0348547326737752
0xa4d338186d93a77b5a82ac8253b79050b0058275,0.7209848602680817,0.1729046561272716,0.0344701264191499,0.0716403571854966
0x7acfcd700efb046ba9064f2860a6cac3416fd6a9,0.8708033554103674,0.0569921126302011,0.0076933251500611,0.0645112068093703
0x13a4575a8e33ab7b1956c48c1b03d048214ca310,0.706271269688257,0.0320178401460157,0.1338704903089444,0.1278403998567828
0x647753a2e5ededd182affde7b11141ee999f9107,0.8829717779502887,0.0086982632213641,0.0275393856148339,0.0807905732135131
0xe19548089efbb68bee55433c0cd03dc540360269,0.8680073506633348,0.0694988963756924,0.0452839646256286,0.017209788335344
0xd5a48e1fb49f5b476ccb2b2bb84298817d4bdb0b,0.7445166851285469,0.12044040346654,0.0739705249758867,0.0610723864290264
0xaa3dcae90268e07be651cfd4a2df3fda078571fc,0.80625346808391,0.0048138556310994,0.0882987948066434,0.1006338814783471
0x7f990adf733fa970e7d23e89ed61a6becc83e4af,0.8357822529633205,0.0571545361568611,0.0461156274845874,0.0609475833952308
0x5d3a0084dcb4cbd7abccfd4cff5f3280d253a8a2,0.7506893586749929,0.1113892676358755,0.0706456648453447,0.0672757088437868
0xdf26c161c73d4d02d53ad21863df8623db38f1ce,0.8414889948615305,0.0667939292799458,0.0552322261253646,0.0364848497331589
0xa8467ff6e714b62b6fa3ec9d666c2b1657a53aaf,0.7663590155077851,0.1166708818391851,0.0492553878788775,0.0677147147741523
0xfd2edf4bed195070a6af7f60662ec2eacf7391b6,0.8872674480084077,0.046556282272594,0.0395847273028007,0.0265915424161974
0xe67c56c3d836c29cc7820ff52f28904503f7ae54,0.8730569785162798,0.0192434275839581,0.024255632582501,0.0834439613172609
0xd1595177d8cc61a6879a4593022a956e016588b4,0.8552081718232939,0.0435010906163798,0.0093714180077149,0.0919193195526112
0xe6b6191a7f7033cc41d2df99b628748aed267be5,0.7036165141337672,0.1476394222510015,0.0739564768712579,0.0747875867439732
0xcc449df434d886576202eef7c9ef2aa0948c310b,0.8864228837857376,0.0266754327198237,0.0117281884462085,0.0751734950482299
0xf3e0a7eb1e8fefe4d77ae7e65153a4b9ab7524fc,0.8527315243108842,0.0815911871111396,0.017044812238655,0.048632476339321
0x4914faf80b6593a8eac644ced7911a6dc9105355,0.8854871652621388,0.0480100239911305,0.0390107552908348,0.0274920554558958
0x5705b28907558887b023b7dae2a2fe8c28aa91f7,0.7141150346459838,0.0772507268449057,0.1813282856723447,0.0273059528367657
0xebefe02040c7284a30ade6e52da7e24af6884ffc,0.7507345470825257,0.128935920238778,0.0185249908269198,0.1018045418517763
0x272b0f68c9f518d6dc8bd41240506ca1e7f46c57,0.7481195428597135,0.1594808536132193,0.0856402679154065,0.0067593356116606
0xcca02de5372cb0caac425543487789eef5d17fb5,0.8312302541779182,0.0446057323078333,0.0132601767007837,0.1109038368134647
0x58c58d02323af6659e8d94fe3feb14385503a8f9,0.8929325900562342,0.0147872106817358,0.0445983718722258,0.0476818273898041
0x737f8c9b7c07d13c84275ee0890b592160d1f8a3,0.8563620374201517,0.0315588302933398,0.0723446729211697,0.0397344593653387
0x9b826b0c6a6601b34f2b9f86f4bcff715e68b2eb,0.8125308744706267,0.0570244337319513,0.0588305377496195,0.0716141540478024
0xcf79c7eaec5bdc1a9e32d099c5d6bdf67e4cf6e8,0.7684745945139286,0.0136760101208996,0.1661989558729787,0.0516504394921929
0x11435318c6231f730bb04c651522294021365cfc,0.7557390307847316,0.0917112315070088,0.1094751990046434,0.043074538703616
0x444a6e71d2f0fcb4013f987221bed7be0f6d1eb1,0.8982233697462958,0.0381314909890242,0.0376766228906395,0.0259685163740403
0x577acd60f180802458a75188b74ed186087aa2b6,0.8321715256167558,0.0384970572470745,0.000190881841449,0.1291405352947207
0x304eb9063fa42bd7841dc7cd6644b12385caa891,0.8534002565974415,0.0622486364996645,0.0422003580652023,0.0421507488376917
0xab6125047f67eee034cc4ec3a1c77ee3e77bff04,0.767470847911862,0.0751547654427863,0.0917700104937309,0.0656043761516206
0x8bff44bbbeb73e15af02b6ca460c4255fa9291cd,0.881200381287757,0.0416323183911481,0.0405967280658427,0.0365705722552521
0xc61221100589071804eaf2927ba351706349ce95,0.7807935272623652,0.0865695018667972,0.0312680960506115,0.101368874820226
0xfb343bd470bc97450470aac23002bcc8d8549911,0.8818660248724486,0.0294250950923516,0.0581009378504547,0.030607942184745
0x2fee53687906ba239602ed42cceee2ac8a4ada36,0.7279269185030047,0.1165581911238257,0.1119338651800681,0.0435810251931013
0x3a95ac31729140d6ac25c80b90eceec9b929eb9e,0.8813407857855187,0.056117749555991,0.0520979456944911,0.0104435189639992
0x2879da9b66f3bd976ac2d786ad381bb9c07d4003,0.8875043363519057,0.038313982888853,0.0363677401993839,0.0378139405598573
0x6916683ab95b955bb73caf8bab92700a2469d758,0.8029853425184238,0.1341461662566397,0.0258600925514157,0.0370083986735207
0x53683bcb9f386823a1e77e5f1720ac633d5d871d,0.7684512343703471,0.0790377090439449,0.1028479491465437,0.0496631074391641
0xba230c2295e4cf1a6f35dd4e4fe7437a18652f21,0.8963617367534957,0.0423117524632495,0.0174951809885628,0.0438313297946918
0x006c4972be1366114fa7b08773fc88b6083d5d18,0.877870119053611,0.0362620678456734,0.0382107327179565,0.047657080382759
0xcd6b97e773fd588ddf9462dd7e4f9869e120acff,0.8371169632784068,0.0615572267559714,0.0508426235760438,0.0504831863895778
0x891e02fd870432b1a8a0091f67fb8c7ca68740ff,0.808740389155695,0.0385893041956604,0.0829094443826581,0.0697608622659864
0x77d40c87d423efb7ec576e80998a48377adf86df,0.8225879148415882,0.0751860131466121,0.0412662197423914,0.060959852269408
0xb2821c0df0c414ff51d3e8033cba26df6aac587b,0.7902439222209099,0.0843901953455228,0.0946221081089975,0.0307437743245697
0xfede2257dc043f53a24ac7947218bacfb0013b09,0.8051103944735623,0.088651189868048,0.0526332091319817,0.0536052065264079
0x5ce15dbcdf9a7c65ef7f31d11ccd49df4ecd860d,0.7538052039810832,0.0848262169046114,0.1012770060151758,0.0600915730991294
0x4888af8f72de3c1b5a1cb1c4f6b802ad7b8e51ff,0.8326814640963844,0.084509091298051,0.0176790561073318,0.0651303884982326
0x4a9a40b2c44b7d32ecf4e0cc66f5304518ec0a59,0.804027146686288,0.0870135747467168,0.084442802747674,0.0245164758193211
0xa3fa5cbf856b10676e7e2ab2dc707a9f848c3af5,0.701168115372516,0.109025186950741,0.1054000970033228,0.0844066006734201
0x999e054df3e888a2dd20e678a436128e1bc796cf,0.851775669408696,0.0243488807753224,0.0650347925561972,0.0588406572597842
0x8496767a1252a4981c16456f36316222d415b458,0.833553805970882,0.1080171971848571,0.0222137566962982,0.0362152401479626
0xc31442c950e7151ded79386a506be868f61792ee,0.7063590459652271,0.139369334972828,0.1117172691824007,0.042554349879544
0x4d3b32abd5c3c6bec64fcb470e996fe843cf15d7,0.8278775585979574,0.0033221591797319,0.0683929942850484,0.1004072879372622
0xb7babe35ce543e2cf2f615cb1c792a2025feb572,0.7790372844419953,0.0182191130689053,0.0982178821184878,0.1045257203706115
