ID,candidate_A_preferences,candidate_B_preferences,candidate_C_preferences,candidate_D_preferences
0xbb8743ea733155fe5e81ed285aea72cc19b2ca87,0.1923165059231698,0.4708541327379422,0.3278130150780338,0.0090163462608542
0x049debbad61a20e21e872b06ef4f25be1253c802,0.147620023525429,0.4077784803292933,0.2612107031372913,0.1833907930079861
0xa481db1ac55683dfb2847c02e417b7e411bcbbea,0.096293853097493,0.1893359427805767,0.5092398807102336,0.2051303234116966
0x024bd3d1c3b6ba2277a744d7a99fbade9404a370,0.2793062226445833,0.1332768891891602,0.3430077219368145,0.2444091662294418
0xa0b026b4b9e19ff2cbf5afbd9a679d93dedc2242,0.1768214489334727,0.2885078658172016,0.2563417409976166,0.2783289442517091
0xfb2069bf55eb844694d8028df74dafe550821ffc,0.5226255857744709,0.2328521433462365,0.0752271814960223,0.1692950893832701
0x222cf246a3d56d61030ca49f5e6ffd6c20c3dc4f,0.3089076275970465,0.1148235743474595,0.1666370592595532,0.4096317387959406
0x5658f4b362e95c0bc32d5ce0051457882db92ee5,0.1112090105581063,0.4758126664223327,0.4030650824722268,0.009913240547334
0x6697aeedc3eadbcfb25962c2045aedf438b4c1f2,0.1604365384880784,0.2276032823404849,0.5723899244435916,0.0395702547278447
0x6a7becf86b56fb68c948cb0a9fe9961370079190,0.253678912997027,0.3268187229620022,0.1574044691681666,0.2620978948728042
0xc8eba9130f40a0ea9be530407e5b4f7199118864,0.4150368554004503,0.2063211912482805,0.0778683737343711,0.3007735796168979
0x6e3556f2c8f29559ed67642a1813b177f1871613,0.1677086880242892,0.2696684980744337,0.3406876132612826,0.2219352006399945
0x278a4bd5a8d09bcf11b1052ec3129a7efa75d213,0.0405499319547539,0.3478268828639859,0.4115590469473339,0.2000641382339262
0x28ddb1f987f1d433eb82eef644b006741977f456,0.3323449334948804,0.0677237942480856,0.4026386895197986,0.1972925827372353
0xfcbc07905fee2d64025461b8ddb27f77f256827f,0.2499332361314395,0.1073167079075024,0.3138053762311358,0.3289446797299221
0xa587b5aa3ddf49559cde74140456bf65d716f30a,0.0982168057769571,0.0501287719281451,0.4894170927584632,0.3622373295364345
0x6120faa647cd26cd6b2c1df880eff537065c6815,0.4854529558107867,0.4962223793615439,0.0056965549562404,0.0126281098714288
0x6d465d2081b799770d0ce7e755d8db1665903ffb,0.3445181584851591,0.2083491005122757,0.0264279574659409,0.420704783536624
0x3b067af83f540cb827825a6ee5480441a4237e77,0.1848929081719925,0.4527045279725011,0.1922121895768251,0.1701903742786812
0x6a5cce4ac8b280ba789eb2e2bd3895b46133e5d4,0.1889749665764353,0.358939784210914,0.1875336647119216,0.2645515845007289
0x58e39293ec6ce3f4d49c9a44bb76bd3e9b300130,0.2067166378071602,0.2609366844435469,0.2740682502164427,0.25827842753285
0xc12abc0ce980c0949ec132e01dfa21eeab76b57b,0.0652131859334711,0.0244270322192695,0.5464135601716661,0.3639462216755931
0xcf653e70110315ddb9a11ae4fc36c6716e367a14,0.3415283511634654,0.5136848701037097,0.1373833408920806,0.0074034378407444
0x0eafb78d216a4d9ae725d3ef087143808695445c,0.1246434774483156,0.171136975632852,0.1811896976400558,0.5230298492787764
0x79219e0514a0ed8b495c1bba0180cd12cde40242,0.2190244944670458,0.2376235664449161,0.216952644593845,0.3263992944941929
0x6897abe0fd62b589260784b21f4ca3f78a0d8017,0.0220249236079125,0.3640887149711759,0.4669820051356319,0.1469043562852797
0x26cee1c87b7910c42ac83a3b617c2932f13b9044,0.270956886578342,0.2893746475362983,0.0841630971217505,0.355505368763609
0xee8bcf545bf80682b78d99f65742d34166cb0405,0.0148685158256672,0.4110222086292632,0.1237118367796177,0.4503974387654518
0x071903cc9a767a845fcd3ab7373e4d5328522481,0.2145438754916598,0.2189621906854784,0.3298030190835774,0.2366909147392843
0x9b9c0732cfecbd446eec92ba53dec31f2c9d88b1,0.0986407767389678,0.2834079659919217,0.2464711643711869,0.3714800928979235
0x4b8aa2db33df252cb0087de8d170d652e92eba02,0.171610791721011,0.4319694314435913,0.2831541739507106,0.113265602884687
0x1309df760d05a7e9ba396d9a6f8dd4305c4d25bf,0.3536860387769495,0.0105151480458254,0.4313124587049786,0.2044863544722463
0x1c651c3fedbf95307fb7a3a2fc07bc1e0753e5a9,0.2564191003590987,0.3443590985184572,0.2953409780068875,0.1038808231155566
0x033e64537940e0602e8f27f571d93904c0009486,0.2898738903151762,0.1699681040154928,0.1168270614632722,0.4233309442060589
0x0e272eceadbf50541f0a5c740082f177baf214d4,0.2256718792881368,0.2867124958478577,0.282200184224132,0.2054154406398733
0x74fb4ba94a01b31424b5e1ab0d3ceff0ce6e6530,0.1609629544525831,0.4590259829083278,0.368177031559853,0.011834031079236
0x1210ba92eb82cc256213c78f0ef9d5212c7034a9,0.1429904816320613,0.3120122275737526,0.2965674617970152,0.2484298289971708
0x06b3b315cbf8b6f639508911976e2a58f1729e3b,0.1870743181139275,0.3643187596043862,0.3143742247766897,0.1342326975049965
0x4bce1d711ea4e033ad5e7d48d2f63fb24fe4b5e3,0.4246329564071866,0.0327367065699521,0.1343765753377127,0.4082537616851485
0x8242269882cd61de8ac878ac47d2a7432fc7bdee,0.2521013021569355,0.0885311504123941,0.4196867192146706,0.2396808282159995
0x7ee9033aad1d11a80f1c1e8d769feacbc97416db,0.0327238263475966,0.1392860603548637,0.4831090128869271,0.3448811004106125
0x2408a5b5a0c0e47cbe8f3b8c92b4361958b371e4,0.177858274974232,0.0270265272820262,0.5556074167660405,0.2395077809777011
0x6292b5752db4aeb894428296accd3b707fd63b37,0.0522886529254977,0.2513404070894846,0.3848975704565029,0.3114733695285147
0xd0ceca3064bd0f33483885f60ef40a71c125c638,0.0609833703480811,0.3564208956406166,0.2712989016239867,0.3112968323873156
0x1e5e0982e0b81f041f4b2668e8e1f300682b6ffa,0.6521956170780344,0.2222096483903464,0.0994376742147884,0.0261570603168307
0x88bde89f94b5e5dd1ef3c054a39961bcbb33bc44,0.2354058754857136,0.3261684073435089,0.1884966305130867,0.2499290866576907
0xe21a9bc92838fedb1f1b7a601f526816f28871c2,0.4152156713958067,0.206220009250147,0.3743862331367358,0.0041780862173105
0x148d424f74c323d3950a8562760aa76e4c58615b,0.3761613293838242,0.2766118094928855,0.3228213544943175,0.0244055066289727
0x7003849fc9f3c70b5e90619f01522be94a38816f,0.4327344518945805,0.1438836519711864,0.3473135880436437,0.0760683080905893
0x27cdf5ca6cd49abd44fa030decf743b730310443,0.1013156484192555,0.3860127643492602,0.263669948884743,0.2490016383467412
0xf9278a270d2100ea5e76e8d85ac712b2cb7ec685,0.035577669626849,0.3435174694268698,0.2873817765024513,0.3335230844438299
0x9f771f779b88178de06291a2caa8e4bdc56dc184,0.4405682071792973,0.3298267364312621,0.1237502474228436,0.1058548089665967
0xdecc4ac78838d0178a418349b8ce6205f3c1905e,0.2251188294955215,0.581788353509663,0.0211646964765121,0.1719281205183033
0x7137931f8e93928e835ec0946a8b78a8a8887900,0.388548442480967,0.1948942618205393,0.2712684928885205,0.1452888028099732
0xfeee0f97af25b988e10417b3988e7720772e584a,0.1356913595107296,0.4552554775878996,0.2480012594906749,0.1610519034106958
0x8a79889c80e0e0ae07151acdc4537ffbace553f1,0.1232636428791426,0.1440503695097404,0.5819097356605357,0.1507762519505812
0x0db3c73e0fd8a19f086cfd303fda498f1b0221e3,0.3180210415898068,0.0075215614922996,0.3997976026384215,0.274659794279472
0x912a7f5845f3fa8de3cb55772a3ba9c40d8e3aaa,0.1502012015251405,0.3039997845452593,0.1804578386794786,0.3653411752501216
0xe3a17b05f01c1b28585ba2341ede238641cf32e7,0.1070414294596612,0.0518022339344384,0.4221147524230021,0.4190415841828981
0x358d930d71fa424ba4fee2a48a2e87fda55993e1,0.1668663915359451,0.3840517621959446,0.3218816399483926,0.1272002063197176
0x3e0cf03f718520f30300266dcf4db50ba12d3331,0.3973070458011473,0.0110364907840893,0.339238841727779,0.2524176216869842
0xb9c62c6b68fa76bb5dad4279074ebdb6d72e3fec,0.0122339267485045,0.3526750824040363,0.2712502348188594,0.3638407560285999
0x85524e962b11cb82ea7baf3a00ceff92c6368db2,0.6890894981448737,0.2752112512241634,0.0231169311384516,0.0125823194925111
0x0b04f285b418ac07f12b7f60064d91d88f52c681,0.200806391134949,0.1601386556286185,0.1493290879419167,0.4897258652945156
0x58ba947570d2f9b79882c444170a30827000b33a,0.2786215950398001,0.2218248821858914,0.2948983932386353,0.2046551295356731
0x18e2728b00678f886150caac59ce468b7f7a7af9,0.1309435533394965,0.3774108441762571,0.3029320687140813,0.188713533770165
0xc68844831cd4af961eafb5bdffefa4fe698b70a2,0.2327437805646576,0.3238748152379357,0.2194330913284464,0.2239483128689602
0x8b9c66ff418aaddae7974ea006859e8ba8374aa3,0.460499963736298,0.1920032452588372,0.2972393072657014,0.0502574837391632
0x3e31155a1c17c9f85e74828447aec412090a4622,0.146852100756711,0.2717683233786016,0.2369663000773317,0.3444132757873556
0x01d517d706494ee4b01cbc8c699b529cd150edea,0.293728613605004,0.2958521177647078,0.0464517648930191,0.363967503737269
0xb6b774dcbd3091fd2a0423a201791d07700c25ef,0.2461197779902176,0.3541520334599397,0.2125507696136584,0.1871774189361841
0x560fbf887a1c98ae68ce71f018772d771d067781,0.4268333115503686,0.0287695859499218,0.2222596389609663,0.3221374635387432
0xa770a33cbf2e97a0eaed41afabddb997661cc24a,0.2561668118539094,0.3669027803526744,0.2280065066752395,0.1489239011181767
0x09e083c5653172131e1eef9a92e1eef64d86b154,0.2658559677735805,0.2678808650710071,0.3015487900933459,0.1647143770620664
0x336f3ca6cad963a70b8b64fade48c39a8de03b44,0.1219461712342734,0.3127435184952972,0.3904849999291884,0.1748253103412409
0xd26cf287da6ae872dd14a0151e2ee30a465990e8,0.0860260013246414,0.3879741912338726,0.133781057272582,0.3922187501689039
0x35b2a533f02234342d9352fb9fbc1ee0c1703198,0.2023021479153548,0.1849774854044006,0.3610392522256298,0.2516811144546146
0xbbc9368898422cc9ffabef8ea66210d3d011512f,0.0182606786096402,0.432241560055072,0.4431829821041711,0.1063147792311167
0x78390edbd4d560bcb3531d885058012041de24cb,0.3968551193202241,0.1081202283976058,0.4194598522875251,0.0755647999946451
0xba0e393d0d47ae81a22f27d68bac043bb64ddb31,0.3644914168741897,0.3484909780161593,0.0398661880002691,0.2471514171093818
0x72f2c4dd290d1c08d5763c812028655cbde3fb53,0.2752648216859466,0.167093187607575,0.3074523321885077,0.2501896585179706
0xb13a55d8512aec4bf7b15067d733c4c3c68f2439,0.330944267151816,0.103154502355953,0.3499293538679258,0.2159718766243051
0xb78d439ba83baced629310207a215900e02d84a4,0.1746311605578539,0.3290450848805609,0.236406000049298,0.2599177545122871
0xeaa24cde31a65ac72dff0ea673735d70625cf78a,0.3889500671231667,0.0140791506736553,0.148792782525601,0.448177999677577
0xfc0bbfe1e6391ad733b0016d41e50cfa2725717e,0.1438698218868716,0.4414316575229253,0.1612061525958614,0.2534923679943418
0xd3dbe133af71345a9a69894db354161ea7f441e9,0.2882030466724369,0.4160197885229141,0.214019641511468,0.0817575232931809
0x4f766bfd800e0ff3260635fdd5fe8cfb666828d1,0.1070133075510892,0.1933700099343946,0.293162207918885,0.406454474595631
0xc9d94be541ef24cd2e402dd5f6d15676d08474f7,0.2831638084502108,0.2427271625929932,0.2172920581856768,0.2568169707711189
0xe64063c7688db1ac863d0daa3dbca41ab4e6b465,0.279971407610801,0.2762948907605509,0.2299710979930007,0.2137626036356472
0x4ff9371b4db3f0771e34f6cf4bd33312bc993e0a,0.3409874366364383,0.0815685741061023,0.123117343837385,0.4543266454200743
0xb41ce218c36c7d95059bb21f82a6a720546cef29,0.4282877534188889,0.0584369680302858,0.0116584578139674,0.5016168207368579
0x51bef0ecac2dbbbbeff5c39d02e4ac49995185f1,0.1396871598522014,0.0151230309080366,0.338946567329553,0.506243241910209
0x0230b092ff54c1c7f17da5daa598117abe3e5715,0.2831882012258182,0.0569793227173996,0.3151950261114992,0.3446374499452828
0x0ce681173619e2599713ccc1c18779d6109671f1,0.1010475934564655,0.298149304058807,0.4626476461749231,0.1381554563098042
0x18c5a9d555d197c9c42e63ca646716efdc20c676,0.2996480257814628,0.2001426888105966,0.2339416536617665,0.2662676317461741
0x0e950e75b652878e6a3d3ecb6e5797452a918a05,0.1377044827826213,0.2993303783725842,0.4679536639079164,0.095011474936878
0xd6c197afb2d3f0c2549bb542b49ed089faca780f,0.1625659916610096,0.0937783191683094,0.5276452175860731,0.2160104715846078
0xcd8e1e3a577049f4e138db9f46a46a7e7bf3535d,0.1266858774965046,0.2989470552856395,0.3349583096478062,0.2394087575700496
0x325173bc8c0f68ea1384de0377786ea3284cf2fb,0.2955884595679984,0.2195679516624555,0.4847940378724679,4.955089707800445e-05
0xe9cc651f1cfaf869b88e8ba945c15e1d9c609ab5,0.1279759665828959,0.3264354189613077,0.282696543074394,0.2628920713814023
0x82f9be60fc43ce39bbe40df22039380935ff58c8,0.4194660022112021,0.0941919848210597,0.0888377261258183,0.3975042868419197
0x47f793e8af738f4b61d7e2d207c6d29c713d1a84,0.4428606599828,0.0745226183989223,0.0746330051735617,0.4079837164447158
0x4a16fc2d0826b50bbba9f4a1729f2e56cfca509d,0.2745218506832732,0.3326727416041856,0.157190164694586,0.235615243017955
0x0b96b6344b2a8d00b610992d0e6afb90c24bcfa3,0.2500286456105666,0.2919989668082426,0.156833050695643,0.3011393368855478
0x91ab8278d8e018b79657c9c0d9abc876be4f9787,0.2390885266568972,0.086184378207826,0.115590869380721,0.5591362257545557
0x3e13da66f07b4b51f6496d4c6a7eeda50416692a,0.3532087174356333,0.17211618248198,0.2415801411593177,0.2330949589230689
0x4fbfadf58cf32e7c616ed09d74318fe30c7071d4,0.2930477769603639,0.2989621880703532,0.0725553225769175,0.3354347123923653
0x6100c2ec0b1a0800dd246a7c6a922c21252be392,0.0746661215397954,0.533350340654058,0.2033438083926445,0.1886397294135019
0xb2523a5a54813ff3acfef0b00f442a4ebba06ace,0.4866003409737497,0.1830892072924257,0.0059353596321478,0.3243750921016764
0x4c5b9006ac613ed4805f38b460c85484231f5ee4,0.0757161962530002,0.3328777380993841,0.2849458654319169,0.3064602002156986
0x7cdacc2e58c4daf29ab871958a714ef7398fa368,0.0926961185824225,0.1708722714651681,0.243848895579738,0.4925827143726713
0x9ccebdb9c9871b0b8c18fe43f90760c83060bfba,0.3252636637822083,0.3075233847332831,0.3026809467431609,0.0645320047413475
0x0e5c4c325ba0cf3ebc82f0b15c318d6620e896a7,0.0309838426794814,0.4714072686114066,0.2174140139485681,0.2801948747605437
0xfe161714d95ff338482b0200c2857cfa5e77a789,0.3879943793683739,0.1194080787901049,0.1378940420201671,0.3547034998213541
0x0cb0f554a2e8a5b7b5634f37840b037214925815,0.3470022499448357,0.0828434974901017,0.2821263678369305,0.2880278847281319
0x45a337477fe38793d90db641eecf8c5c624f062a,0.2115851059254176,0.3649427367129044,0.1749009965667048,0.2485711607949729
0x11b064a8ac721ee4a706c07128433548b8d2151b,0.1824334507814797,0.0582632132547709,0.4686726792001872,0.290630656763562
0x8498ff79c6bb9e32ce2fd07b542a84173946e50c,0.1362554713226751,0.0667413163130519,0.3828008165555637,0.4142023958087091
0x955cf0ccbcedcfc85fa0796cc776354b46a10fbb,0.5154868349388122,0.0149281601258358,0.1358846919294475,0.3337003130059043
0xcf2b46eec11927951aba257ed877786924fa28e6,0.2612574735095798,0.3325850147387165,0.1295654660037284,0.2765920457479752
0x1f2b12286864d5439500400b3609c659fb3c665a,0.0187336837949687,0.4255985235287109,0.2729904392725143,0.282677353403806
0x7d1f3ed0d2e42809779255846cf0a1b1eb8a21d2,0.5480722743976305,0.2342518821162206,0.1177551795283201,0.0999206639578286
0xef8347476de8dca8639af6f065e96361cd656a3c,0.1767116114850997,0.0327123603871457,0.5005737958167197,0.2900022323110348
0xb2d60143097b4f992bfbe955a22dbb2acd9a8eab,0.3224426243549106,0.2232808581986439,0.2776420806438744,0.1766344368025708
0x1a95a5815fb8d1e581811725e45fd70ff02839bc,0.2423439469433057,0.3238478554669491,0.0941729622679443,0.3396352353218008
0xd1a317989c846e42f64128daebd975f857068a8c,0.3069460178423505,0.2522508157376077,0.2612971557208096,0.1795060106992322
0x579955b31fbdbff16a9760d5f5e869ba36431e2d,0.0919611293903089,0.4458962958495433,0.3733317139501719,0.0888108608099759
0xc710f3da5ea5ae7b060166942185458c60c0434f,0.3265139592139972,0.3650499669954867,0.1582519712076964,0.1501841025828197
0x826ab98b58cf43c30644fae1221dd641ec04811b,0.0806637284555131,0.0602292022307271,0.281386116635739,0.5777209526780206
0x0a412418c71c80a882ca276acdd85e8be791857d,0.0260769161342597,0.3309464960340765,0.2444510493848301,0.3985255384468337
0xc210c735b22ba9ca5254ce0f028a01e335e86e33,0.1580909688286073,0.3117378064734516,0.1111836949492886,0.4189875297486522
0x7e1f8358943580724290277167b86ab4734752fe,0.1858921641693201,0.3046862831906128,0.3189665568600529,0.1904549957800141
0x0a23aaa56d700701b69580f574d35850a4127bd9,0.2754917681747658,0.3252076938910058,0.197539923301204,0.2017606146330243
0x75b41d90281f8dcc624067763d7281e3086acae9,0.0641226209729996,0.161319985268577,0.2073336303679983,0.567223763390425
0xbda4446d94d907fee2f6b7846a0320045a2e9949,0.2949431261885776,0.3243326816920175,0.1670347496447917,0.2136894424746128
0x1f7972a40f8129a311e6c6a089f87347adc0e244,0.2979554067510628,0.2502220852929475,0.2512095501061042,0.2006129578498853
0xc02b76a3724eb40742e195b9d0852d7068d806ba,0.3720370011910043,0.0420726655365455,0.3997120690771857,0.1861782641952644
0xa39b12ccbd66c3b4624d7eda1ac0a3a8ae830bc0,0.3986856882548536,0.0278335413054177,0.3272047680590156,0.2462760023807129
0xb617f96eca626ff094169ac160452c082af23284,0.2187607719415439,0.2861086504735213,0.2557505786208948,0.2393799989640398
0x0afbea5597875c33047ab0004575f636e652c49e,0.4086321825637368,0.0714021833301084,0.4571645521458544,0.0628010819603003
0x88244475fbda5a3dc68e505689f5d2caeed1fc91,0.1755093623428269,0.171852748494044,0.3092532611383075,0.3433846280248215
0xb2de5bfbfa82101c05be100b35b144b2957936e3,0.3727185795298125,0.0793442093639749,0.2522134476449163,0.2957237634612961
0xfe30968b465f7218a633815188170b01298d76e5,0.1047472770415605,0.2980730527814369,0.2924665533183915,0.3047131168586112
0x4daa278b8f90b86fb70859051911003790f4de57,0.2816768863324964,0.4373562125229775,0.1926916070243718,0.0882752941201543
0x9ba961989dd6609ed091f512be947118c40f2291,0.3735260154747707,0.328841384917371,0.2530188442971956,0.0446137553106626
0x44a60575bafadbf1471d628e7a8bdad64e2e7d5f,0.2631316036503836,0.5357986922175472,0.1262368480266946,0.0748328561053745
0x89ff8e27b92c3cf36bef6580d11e1921ea6fa93e,0.3667121673397824,0.1194246651067929,0.1583933226246477,0.355469844928777
0x64126292849b237fc3e18a81d23a3d0e4fa9e076,0.0917002075019729,0.4229854226286461,0.0008480026333012,0.4844663672360798
0x27a887bf8451c6da18ba34b548a31b6158b9b911,0.1280068747434055,0.3371759337839589,0.3202154187699878,0.2146017727026479
0xb9ac581718457ec635fdfb502a7c2094cc5066d1,0.2867515339626982,0.3083387682036557,0.1447363930432177,0.2601733047904284
0x22358b377c4ae6a5ed9d584ed94a1458af6d32bc,0.2862138105831101,0.0485244899868955,0.2646742413359696,0.4005874580940248
0x2be3ff0c9ecfaa1258b2a389a44710417cf32687,0.0634416609393048,0.4859865916681074,0.359294728595335,0.0912770187972526
0x3fa226fd1a10bc11d51ccf93d79638ca28e67470,0.2990439744438953,0.1652012733342469,0.1537160301149097,0.382038722106948
0xdc56eabdb4213c8ce1c86a4806e94d286d2ca4e6,0.1520231049051342,0.3732583205797045,0.238918264207581,0.2358003103075802
0x270de0ae1bef06d1de5cdbdcf411357f5784ed2e,0.0122253183072052,0.3179783678583596,0.6259989663207162,0.043797347513719
0x161447bb4c05d96eb1c7bf91500baf41c9929682,0.2896063579639528,0.1550557178275081,0.2934763111494141,0.261861613059125
0xfcfb906c19b4fccf6e958fb36dff6486e9f259c5,0.215861810246201,0.2487033976487441,0.1890629566064847,0.3463718354985701
0xb0df3d82e4c844afa65b0bef52c340e9cd9660f8,0.4158075175726949,0.4816407246340713,0.0935787913043761,0.0089729664888576
0x5f2e410e0d06e2dd8d3867e6eb5a0dd660cbec01,0.019147162707919,0.5669345505473774,0.1473936587728054,0.2665246279718979
0x536299a4fcf0d1d492596c2c816fc20f3f7ec557,0.3995817842400478,0.0217598391555695,0.1732573245681047,0.4054010520362779
0x30518e38c70a5f686b38eedad342aa2c943d7c6b,0.1147763085241252,0.2867278302815775,0.3890205728725359,0.2094752883217613
0xdee4fbf0b62febe20000826eaeb939e2cc7876b4,0.191825273269615,0.2496712273361035,0.112507119478847,0.4459963799154344
0x2f526aaba4d27eedc11564eb2113c803b76d5f80,0.3262865570161299,0.2527910388855912,0.3572404912897479,0.0636819128085311
0x4be1a00747fb56b44a62eba5b23c2f3e8018c783,0.315552380729797,0.0007602556327061,0.2696514990312884,0.4140358646062084
0x299b960a7c82635dcbf5342a032a38003709d7df,0.0573280534550401,0.5226784802413504,0.1139337650793311,0.3060597012242782
0x9efcbd3f929aa8f6de2dfda63e97e85cc4758ada,0.3095522813921518,0.3255003314027794,0.0432934717858175,0.3216539154192511
0x7581b02ab484aa73e1351fd455b740bc06503d71,0.4089812451567364,0.2451449409604512,0.2230508988529339,0.1228229150298783
0xf5616bd7d99083f59191bd888b2535069202162e,0.0255160567714512,0.3805651115330215,0.4715549183587635,0.1223639133367636
0x5aae22f14eca19fb5a19be0004276aa375f255a3,0.2071386131453198,0.4966703325449591,0.0408818462136929,0.2553092080960282
0xb0e7e1d7e3ad1e7c6ce3bad881ed95aea0df7713,0.2475266732324897,0.4678714171570858,0.1755996680603639,0.1090022415500606
0xd2e763a502c36ec1f9335d1aa9ebcafc29eada94,0.2251333387465105,0.1223451418000743,0.1618419787943519,0.4906795406590631
0x2326085e6753be00097d0c2679229441dfbe9635,0.3783974222176842,0.4591279448462709,0.0959921779455269,0.0664824549905177
0x1104ff3b334316a3c0c28a8df6fc937858ba6d5d,0.2171796899661959,0.0482705854452245,0.4171920596524749,0.3173576649361046
0xc8c1c071eaa8792fb1ee0a638bc26c747f4b1764,0.145691029440487,0.1150127832338154,0.0905034989662211,0.6487926883594765
0x65c85873de311a92e993fe5c857623cc5c4bd55a,0.2681347726437822,0.4907737985475793,0.1032956214706023,0.1377958073380362
0x42fb38c130083ba1976665b7964244d0530f6e3b,0.1621104984950421,0.2206650482392235,0.4253977219457834,0.1918267313199508
0x1378b43fd789b6b243f2b81168ad05131791462e,0.2570020574868685,0.1803227298311869,0.3259640891719114,0.2367111235100332
0x6e20f1b46d4164d707e8342f941302b2197bbe47,0.3073312343908762,0.2969800995750293,0.3840755737103507,0.0116130923237435
0xad8853c128116a4c91d6d39eb3db39ec4368dcc6,0.2307204391603224,0.2107147820041404,0.2812655403958785,0.2772992384396586
0x33878e070db7f70d2953fe0278cd32adf8104572,0.1834751146461861,0.0352603002262213,0.3904633621637543,0.3908012229638382
0x6ac0c22198d53682277c57a53602dc0e0d95b840,0.1757646416963866,0.2000900329162571,0.3102698565389717,0.3138754688483844
0xc4630b2ac97c0297599db9a6b9a8a8a23856defb,0.2470140114661276,0.6280260949196509,0.0857309027977075,0.0392289908165138
0xc6837f9d06d95fa90cf91a6dd6bb8cb51bfcfc59,0.3055668042249547,0.1755651955003216,0.148453473721438,0.3704145265532856
0x06a4974834fad8c21ae1edb09b1e7d971478afa6,0.0241284316171539,0.3390872843894315,0.3409412859348213,0.2958429980585932
0x078da083d361b52206b3882fb4bac67f865444ca,0.2129797360756817,0.3179450834329746,0.1316754185023264,0.3373997619890172
0x66d9dfddc3ad45d6383d5b9e9354f60bc9d16a8e,0.3023556477808866,0.1178633524816574,0.2523023054716737,0.3274786942657821
0x821c590817b28f940a04e5d02b5e9a62c5a1772f,0.041174546737016,0.5146220786059079,0.162380368958061,0.281823005699015
0xb3274ec870533044dc8c7808da21ef7588fea262,0.1460084974248327,0.2755974825315045,0.1729195719699528,0.4054744480737098
0x2bf034eccebc8cd60dab9c249b6c2996dcb7d8ec,0.2927987131834934,0.2634226736004726,0.1694845585649753,0.2742940546510585
0xdacf1065b12849298dc5b47ece9553094000074f,0.5290007975331334,0.1474625951303222,0.1284495568849059,0.1950870504516383
0x32b1b09f43df40897e5677e2d6d0a009ca45ace8,0.1878444306418957,0.2297184892190359,0.2449391660568484,0.3374979140822199
0x6672f8789c54b49c596e6e7ca3a72726fc4c400e,0.4725102929066763,0.2340448834574416,0.0244600596259792,0.2689847640099026
0x25d837a43b70f517cb9a437f93d47d3a136970a9,0.4550036792223773,0.0849082078493715,0.4550709464485634,0.0050171664796876
0x86e0d24e94bc2a179111d6a644c0f49855dc5b9a,0.2902831660268687,0.255442776857532,0.1145503954390645,0.3397236616765346
0xd5a1abd554391a7cdf7d5da035a30200fc554779,0.1417084661431391,0.2033503758217008,0.3547413111589157,0.3001998468762444
0x42f09c7615cff2ef232219fe968b30a446e2ee27,0.1164080861711177,0.1025550753371344,0.1880833849917455,0.5929534535000023
0x7bb40e06bf466e224bdbc434a41b4389802e5948,0.255393733598971,0.113611189862962,0.3645380808056402,0.2664569957324267
0x260b6232edac26f256b4dc52d5ac05dc875f3e58,0.3257565838368653,0.1380981607519887,0.3407657575302429,0.1953794978809029
0x1896cd2c54edc8ab0d6e43c6c7107ac9ea7c8163,0.1216439243363427,0.279472627538658,0.330654974382006,0.2682284737429933
0xb9eb8b4cbdadbf0ed7a3e65b10f8a31b4a7671ef,0.3066767102694423,0.2304741629356339,0.1917611859581003,0.2710879408368234
0x4ab1e3bd6746bedf6e66ea732e1fe588507faef5,0.1444627301019244,0.3236317221650783,0.3414019211460114,0.1905036265869857
0xfe377025afdacedcebe925ba463d5dc0ed2de45b,0.0763700897119291,0.3200192155410944,0.1281073970061002,0.4755032977408763
0xa88e04c2d42b3be8c77cecae36722d870cee80a9,0.3235377866595209,0.3314930288818664,0.2881987831072596,0.0567704013513529
0xb7a16e547edbf284387ae6895588d85b27bdde26,0.0215493115154549,0.327293170089918,0.3559232903247107,0.2952342280699164
0x147d43cea86fa2ea218e378859923aa8e0bddd8d,0.0529192444450216,0.4362501910601964,0.2117551425778906,0.2990754219168914
0x852b8763ecb27beddc190d1792029bc17fd5439a,0.2546144599171532,0.2993628537067769,0.0110406436591916,0.434982042716878
0x4318cc449b1cbe6d64dd82e16abe58c79e076c2b,0.035028184958425,0.3523903248401527,0.3034257758090032,0.309155714392419
0x5a4e9bb1f224e8254c1d63e90de34e8572f8dc71,0.2567706133990388,0.3362416480439484,0.234531314449823,0.1724564241071896
0xd3c0c07dafe5bf50caad420503361c017e8edc27,0.0671873814663248,0.3817016265250795,0.3252042097617454,0.22590678224685
0x77b476429826c5ba77885d08f272d89d8f1ed0e4,0.1832803907291449,0.3910771579135211,0.066244985816855,0.3593974655404789
0x2dacc72a6327e5b384a18ccaf6ea610a24fa174d,0.2396389500043301,0.3073381022965373,0.2742719778888856,0.178750969810247
0xb2b327e7258b14f38c0878ad2d42e274a0a4d653,0.3106258813783304,0.3668964258707062,0.2641406007180146,0.0583370920329488
0x32ec80abb502dda08b433c2d3d24ef3a69be96ec,0.393443364519249,0.2668711589781998,0.1782613682941562,0.1614241082083947
0x08ed8c1236df25efd6a1819cb2ab36ddae4f46e5,0.2680344811247879,0.2058005117736614,0.3635684955875439,0.1625965115140067
0x93201cff3ada1dbb77038ede3fa71e75a1bbeba8,0.4894940155496519,0.3655446803133904,0.0094744448189969,0.1354868593179606
0x1f5127ac29f61588428568932caa0d40bd3d940e,0.0066631374956181,0.2946954856850584,0.4129376491850666,0.2857037276342568
0xd2bc5cb641ae6f7a880c3dd5aee0450b5210be23,0.0203023770229449,0.3819279513046647,0.2778643339695061,0.3199053377028841
0x14ebcec65c50dd3f3e37f1a78c88e858b9f2af67,0.321460384852709,0.151176778141081,0.3094829060357095,0.2178799309705003
0xe18d2f0c230805cc535eb264d11fffd07d781aa7,0.229533188413175,0.2348435979442937,0.4163204743051445,0.1193027393373867
0x320d5f7703ac16e79e95d055757b4555a2b7c903,0.4026949365988924,0.3971908303138493,0.0817983574575069,0.1183158756297512
0x1e382a144bf9ed07e64d9b6d7bc57213c0ad9900,0.2254248040353828,0.1294964050091904,0.3646737570773077,0.2804050338781189
0xb0fb5cb37b834a9b6d1df88f909690003a711406,0.0468080912219942,0.3837416772994042,0.1137902682334712,0.4556599632451303
0x703fbd74399f71103604e3c7ea9f54cbb43f718a,0.3914820790997869,0.3799200120230799,0.068689794166926,0.1599081147102071
0x4aed006c0235312a56da3bce1dab9cae0f3f95a9,0.2881492492126064,0.0220951931055394,0.3573079120178964,0.3324476456639577
0x77b175d193a19378031f4a81393fc0cbd5cf4079,0.0700889968996962,0.3520197994452916,0.3499037502714411,0.2279874533835711
0x7ef7120d7116e77cddbbc70e83db8f1914db5b63,0.174244129299357,0.4814803819057289,0.0374868146541968,0.3067886741407171
0xb5852bafe547e3a14e76e2d2ecb134fea8dd60d9,0.0816198377067327,0.0092708653325055,0.2212732690179806,0.6878360279427812
0xf39fd6e51aad88f6f4ce6ab8827279cfffb92266,0.2874870262051014,0.0020656288111572,0.4908735547117637,0.2195737902719775
0xe936e8faf4a5655469182a49a505055b71c17604,0.0960163227393925,0.2606767642016794,0.2738844835764902,0.3694224294824378
0xc8bf162929af3d8c73d1a8ef58b8a9b084763480,0.0358978872886539,0.4553115135970045,0.100265890552038,0.4085247085623036
0x6c02ff3a875c1eed933860a9adff4288d41f5dd3,0.1067490494952045,0.4705721227073078,0.4211626383895031,0.0015161894079844
0x4536bbf27aee5915821d790d72a96bf2cd58aaca,0.3332750684974123,0.5769154524314007,0.0081175666092863,0.0816919124619004
0xe51200a4d161935fc311ed8a0401feb1abf20e3a,0.3806305464035652,0.0457716188824711,0.3649498400033575,0.2086479947106061
0x456348964c2db1edd67450b920c7e7ab01425c5f,0.3538918514489838,0.3377034447115176,0.0753693460828902,0.2330353577566083
0xb148d8433fef47606a3f7db5beebf9a67edd9542,0.0227960839374149,0.2468311286953281,0.4196540003686219,0.3107187869986348
0x434f5325ddcdbbfcce64be2617c72c4aa33ec3e7,0.1866434880070542,0.1177320444606454,0.6030159295688511,0.0926085379634493
0x17617ef20f525d2e194ea33988c3b497d0f6f4fe,0.0059394667854154,0.5950503310707121,0.1748317586063027,0.2241784435375695
0x89c4efdcea57e9a74e94cc15890e9193d8c7a0bb,0.1706805186108143,0.5146802616058063,0.1857151150619909,0.1289241047213883
0x970e3868a94e06e604b1705a0238c1331afc276a,0.0901067340345162,0.1626010769745724,0.3938625936375263,0.353429595353385
0xa1facffe2171c76795f751bb96fdb7e6c60a3ffc,0.2698385841204402,0.2413929153730056,0.0896963475012175,0.3990721530053366
0xb1a64cddc6398aa187c67b691b7c5f10828f42f5,0.0240604266871313,0.1513777938940509,0.3061970179545,0.5183647614643176
0xf208034ea8566224f8b1d161451d05348e0a53c2,0.0951636725200311,0.0736015609405262,0.27727038725278,0.5539643792866624
0x839551ad5cd3a17061eb11a3fbb6141293eb92a2,0.2203400345138659,0.2184167971363156,0.2688981333415432,0.2923450350082751
0xa775c775feb740d15da78d572a1caccbccc7a0f6,0.469187526498928,0.2940515653489859,0.1868653513345049,0.0498955568175811
0x68f6f2db8d5d28fb7d837675781c2d391f5f02c0,0.2974692764801638,0.0350186252507465,0.1961921380052065,0.4713199602638831
0x538434a71701b5b834d7684b11e5cc5780cde21c,0.3789828789694254,0.2333452008169203,0.214127656580511,0.1735442636331431
0xed83f43e646313b3828a552cb31e3990d3dc9753,0.3905298933706709,0.2051182438912825,0.2971816843983748,0.1071701783396717
0x62fa674c88351866ad3385c265613ec45fed571d,0.3488344534351715,0.3532670021965421,0.1444542509349726,0.1534442934333137
0xdc1077fb0e7e7cff87be379b363b418449ed8500,0.299287872984682,0.2712093789615729,0.2171671556857003,0.2123355923680447
0xd9d035e4771d6178ff47b164b765b8c7158b08da,0.2480362281951811,0.1953105601551565,0.4898514445077181,0.0668017671419442
0x941a2f8241aa871ee713833064b0811941883043,0.229956612733994,0.0963933565636994,0.2240024067290297,0.4496476239732767
0x3ebf3662d02872f24c3a96fc667666229a20a343,0.4003122576627187,0.1164745210721426,0.0402287454432817,0.4429844758218568
0xd6b972af4af5d410e1c75df1ba1d7681d776caab,0.2461661962379478,0.0920795090257612,0.0875665400312675,0.5741877547050234
0x6493630e4b5f17cf2be0683754233d56844b0633,0.245039047198035,0.1180682655890844,0.6121438034754597,0.0247488837374208
0x87690be28b65f13394741c2c2be5a6bdb0505039,0.2533543385518892,0.1013347352228897,0.2596760088777062,0.3856349173475148
0x329652eedfb5b4f79e83b829b81575831d43dcb5,0.2906872452221236,0.0351437510664193,0.079376607022613,0.5947923966888441
0x023136e9845063c7733fe7374f40c5f751f7f6a4,0.0440044119503617,0.4341077983063945,0.4854810728424156,0.0364067169008281
0x1e8c64fd8f94da1d0e23853118b7f73a7b467209,0.0818319561335088,0.4588666098008311,0.2195437536308873,0.2397576804347726
0x224aba5d489675a7bd3ce07786fada466b46fa0f,0.6340895614077858,0.1895074910872795,0.0213197975649917,0.1550831499399431
0x3006ef6777ccc79c3af305101fe0b3d14bd47b59,0.1732722508512563,0.3149980387461124,0.3132013587484095,0.1985283516542217
0xfd7bfa756d93dc8dac38c9ecb2ccf5ab599e6899,0.5479998353285589,0.0018019976213818,0.2402635478937064,0.2099346191563529
0x8bb2884ee943111aa5119a36b30085a15a66c972,0.107895199546965,0.0299800987655938,0.657927845780741,0.2041968559067001
0x076240ea709dcd4fb142f6f05c9326eb59cb2eb8,0.3000891727058955,0.0363812727304769,0.5640664124329968,0.0994631421306307
0x061011f04b8e8c7fbb30632e609ba0aa07421d72,0.2682782540660412,0.3468205910217173,0.3595297755899753,0.0253713793222661
0xbc5b552641e5d203f0a6c230aa9dc14da7450053,0.0775068093964333,0.105716477017349,0.619788723696121,0.1969879898900967
0xccf67669586bd9e2e2c3ff14eb72143d4a56c16e,0.2543677931456981,0.0826903519523127,0.2489125588302474,0.4140292960717419
0x747e999e365be31a7df3448d5615a004e558b09a,0.1740208143250131,0.1579985536721044,0.254446415495437,0.4135342165074454
0x96250ede0d9365ca3bfc67df939aa05b44fe39eb,0.2338885581357082,0.2659233439558042,0.3422273051500922,0.1579607927583952
0x986e92868a27548a31e88f7692e746cd7e86f39a,0.3087593920768046,0.2604609599594648,0.2130674680716582,0.2177121798920722
0xb91bd1b99420ffea6d287103fa11e9a969cc88a7,0.1854952284224352,0.4545373033719286,0.2510451018901422,0.1089223663154938
0xfa483c6f280782714813c484ea05bab55e9f81ad,0.3127970464542493,0.2362901136277699,0.2148954037565931,0.2360174361613877
0x9a45b87f12e9bb97d0741b49667e4578f887d4af,0.2322041708991035,0.1711758880859994,0.3511565166461838,0.2454634243687133
0x578be284ba9d6f443fa070c5f9937a6554aab1a1,0.2213228801973754,0.3452006792166087,0.120478805346316,0.3129976352396997
0xca8d84565a4e5d721ce0bb50f3374e2afc8bba49,0.0215824858238101,0.7072700122049403,0.2186803788530364,0.052467123118213
0xca0b4fa6acd64026b6695baf0feaf1154d110909,0.3316883729627388,0.0296926161927572,0.4234714627473183,0.2151475480971856
0xc98deb47fd457857327f2e3308b8853599a4bc5d,0.5015095396258944,0.140539617962041,0.2748442894773811,0.0831065529346835
0xa8a69a507cf45cf07047c4be7731d35dfcc55f63,0.3147108286273595,0.3158951624230615,0.179660442399567,0.189733566550012
0x1cbbe9fc5520aae025945e23578d488eb5548922,0.3337273650447601,0.3396959730569049,0.2706633975519321,0.0559132643464027
0x5dba530a4f06fbce2865baa35e5ffbb37ad3fd5a,0.1649679217238886,0.458770900979069,0.1574291317350057,0.2188320455620365
0xc92fae7e59fb249902c93e6977123c9465e3d083,0.2791866720809286,0.3223162462878161,0.3525983473103014,0.0458987343209539
0xb14a817e75945b7ac319063bf04b24bd469dd272,0.2317482776802177,0.244344954665524,0.2838086555139624,0.2400981121402956
0xa4d338186d93a77b5a82ac8253b79050b0058275,0.3833969332182343,0.1668673718132363,0.2816563200523662,0.168079374916163
0x7acfcd700efb046ba9064f2860a6cac3416fd6a9,0.0185891123734854,0.3881386172819028,0.321083912481016,0.2721883578635957
0x13a4575a8e33ab7b1956c48c1b03d048214ca310,0.2782736478922823,0.2237089840106935,0.1736846875013248,0.3243326805956994
0x647753a2e5ededd182affde7b11141ee999f9107,0.0386702520722105,0.208821601778492,0.5413930560946988,0.2111150900545988
0xe19548089efbb68bee55433c0cd03dc540360269,0.1714312793794568,0.3580091511772479,0.1994939210185504,0.2710656484247447
0xd5a48e1fb49f5b476ccb2b2bb84298817d4bdb0b,0.0163123146109989,0.3007341453369782,0.3024828168968145,0.3804707231552083
0xaa3dcae90268e07be651cfd4a2df3fda078571fc,0.0552260043253534,0.3967736996319916,0.3181299825114592,0.2298703135311958
0x7f990adf733fa970e7d23e89ed61a6becc83e4af,0.4024614361277833,0.0225094441236558,0.1756279774027433,0.3994011423458174
0x5d3a0084dcb4cbd7abccfd4cff5f3280d253a8a2,0.2405144879938301,0.2922458122324902,0.4180308943975523,0.0492088053761272
0xdf26c161c73d4d02d53ad21863df8623db38f1ce,0.0699148485108416,0.1766204663003691,0.7462413208577935,0.0072233643309957
0xa8467ff6e714b62b6fa3ec9d666c2b1657a53aaf,0.2274731106824939,0.1843250849672426,0.2479366713370538,0.3402651330132095
0xfd2edf4bed195070a6af7f60662ec2eacf7391b6,0.3328932701197237,0.1808696344604127,0.2991953536134488,0.1870417418064146
0xe67c56c3d836c29cc7820ff52f28904503f7ae54,0.3482579371240814,0.3185619557368084,0.3085254394634639,0.0246546676756462
0xd1595177d8cc61a6879a4593022a956e016588b4,0.041267660945754,0.2514892862267822,0.4635352547381985,0.2437077980892651
0xe6b6191a7f7033cc41d2df99b628748aed267be5,0.0060058737139636,0.2356871550118245,0.3668213845554839,0.3914855867187279
0xcc449df434d886576202eef7c9ef2aa0948c310b,0.1149550507722647,0.1791289334291342,0.2532300487389143,0.4526859670596866
0xf3e0a7eb1e8fefe4d77ae7e65153a4b9ab7524fc,0.3254115926707951,0.0373133043532537,0.2709676876367602,0.3663074153391908
0x4914faf80b6593a8eac644ced7911a6dc9105355,0.0260035852119944,0.1407113414925601,0.4304982486467396,0.4027868246487057
0x5705b28907558887b023b7dae2a2fe8c28aa91f7,0.2520967315227554,0.267574842329239,0.2170088122037007,0.2633196139443048
0xebefe02040c7284a30ade6e52da7e24af6884ffc,0.4148347957088825,0.3402421621166872,0.0780835762216516,0.1668394659527788
0x272b0f68c9f518d6dc8bd41240506ca1e7f46c57,0.4780936599821334,0.1680289304003619,0.0659493324820966,0.287928077135408
0xcca02de5372cb0caac425543487789eef5d17fb5,0.8487517413906788,0.0813514587057154,0.0042928137381708,0.0656039861654349
0x58c58d02323af6659e8d94fe3feb14385503a8f9,0.062494915514819,0.2465880319390246,0.2669799628010285,0.4239370897451278
0x737f8c9b7c07d13c84275ee0890b592160d1f8a3,0.3412689331257938,0.431910833556749,0.0937731226407616,0.1330471106766955
0x9b826b0c6a6601b34f2b9f86f4bcff715e68b2eb,0.2129203205426334,0.3260441463055374,0.136690672417542,0.3243448607342871
0xcf79c7eaec5bdc1a9e32d099c5d6bdf67e4cf6e8,0.3368672651393288,0.2472055144624228,0.3821364948584771,0.033790725539771
0x11435318c6231f730bb04c651522294021365cfc,0.2102436893844563,0.2225725071492144,0.2714226054257278,0.2957611980406013
0x444a6e71d2f0fcb4013f987221bed7be0f6d1eb1,0.2189493852341501,0.1410503856773599,0.430595129933111,0.2094050991553789
0x577acd60f180802458a75188b74ed186087aa2b6,0.2839143074984026,0.2435799304353727,0.2878656632026612,0.1846400988635633
0x304eb9063fa42bd7841dc7cd6644b12385caa891,0.4764279039007571,0.3221889716041106,0.2003125282404996,0.0010705962546325
0xab6125047f67eee034cc4ec3a1c77ee3e77bff04,0.123080207903855,0.2453580214919917,0.4581496829048397,0.1734120876993134
0x8bff44bbbeb73e15af02b6ca460c4255fa9291cd,0.3029982704268573,0.1925336332157908,0.2922424508873585,0.2122256454699932
0xc61221100589071804eaf2927ba351706349ce95,0.6174995044942806,0.0089338743432119,0.2935190079867976,0.0800476131757099
0xfb343bd470bc97450470aac23002bcc8d8549911,0.0063743320939277,0.0415864795909208,0.4316103458225556,0.5204288424925958
0x2fee53687906ba239602ed42cceee2ac8a4ada36,0.3621244873755578,0.3925169874637123,0.0887997791103248,0.1565587460504051
0x3a95ac31729140d6ac25c80b90eceec9b929eb9e,0.2090392478003025,0.3513960624800782,0.2070903666109953,0.2324743231086239
0x2879da9b66f3bd976ac2d786ad381bb9c07d4003,0.4225591925695298,0.1816973646291321,0.0517567049542951,0.3439867378470428
0x6916683ab95b955bb73caf8bab92700a2469d758,0.0281541492540804,0.516832181281473,0.1553829266278668,0.2996307428365797
0x53683bcb9f386823a1e77e5f1720ac633d5d871d,0.0589224107726636,0.3327231935315557,0.2365946978155707,0.3717596978802098
0xba230c2295e4cf1a6f35dd4e4fe7437a18652f21,0.3225024694306551,0.1708945278993044,0.1651418566680216,0.3414611460020189
0x006c4972be1366114fa7b08773fc88b6083d5d18,0.404935263463532,0.1754316947804074,0.2327327944068265,0.1869002473492339
0xcd6b97e773fd588ddf9462dd7e4f9869e120acff,0.1833295154047164,0.2358846896578008,0.2076114690461395,0.3731743258913431
0x891e02fd870432b1a8a0091f67fb8c7ca68740ff,0.200612145035886,0.2651011001230296,0.2279036542427427,0.3063831005983417
0x77d40c87d423efb7ec576e80998a48377adf86df,0.2359225542433721,0.3515373528298154,0.2632529187573406,0.1492871741694717
0xb2821c0df0c414ff51d3e8033cba26df6aac587b,0.2077120667253091,0.2940678165012629,0.2742132753484543,0.2240068414249734
0xfede2257dc043f53a24ac7947218bacfb0013b09,0.3534725565896323,0.3083733361029992,0.113792202683186,0.2243619046241824
0x5ce15dbcdf9a7c65ef7f31d11ccd49df4ecd860d,0.3821071087152587,0.2261403273473047,0.0500794872677239,0.3416730766697126
0x4888af8f72de3c1b5a1cb1c4f6b802ad7b8e51ff,0.6251403577676498,0.0111422440321714,0.2484135769238092,0.1153038212763696
0x4a9a40b2c44b7d32ecf4e0cc66f5304518ec0a59,0.1796952466904822,0.2050908437307134,0.2495089595977509,0.3657049499810535
0xa3fa5cbf856b10676e7e2ab2dc707a9f848c3af5,0.2151133596313149,0.2997090813923547,0.2103505813238006,0.2748269776525297
0x999e054df3e888a2dd20e678a436128e1bc796cf,0.7118738343247797,0.1179407787003175,0.094044734022633,0.0761406529522697
0x8496767a1252a4981c16456f36316222d415b458,0.1000441200373595,0.0687309523833894,0.6150174030732506,0.2162075245060003
0xc31442c950e7151ded79386a506be868f61792ee,0.1250688913783869,0.4566153068964121,0.283022456876807,0.1352933448483938
0x4d3b32abd5c3c6bec64fcb470e996fe843cf15d7,0.7804849727176962,0.011324462393276,0.0917553159427494,0.1164352489462782
0xb7babe35ce543e2cf2f615cb1c792a2025feb572,0.3316396297160998,0.1266989509967458,0.1135862635243758,0.4280751557627785
